128
0
0
0
160
243
193
255
50
89
22
10
47
116
15
15
88
211
46
0
49
91
91
204
106
124
46
244
135
118
65
15
190
66
20
12
140
166
1
226
196
172
1
106
155
241
200
3
115
52
139
76
198
215
36
119
116
6
82
247
169
220
240
167
114
142
36
0
39
107
17
73
49
105
161
250
242
233
221
226
45
89
132
129
129
158
199
40
156
191
92
249
8
102
120
97
78
102
170
196
108
218
226
94
78
91
138
122
18
227
238
114
67
151
65
68
125
121
16
9
99
45
198
79
130
27
127
184
7
76
5
19
170
34
30
133
163
61
172
171
197
134
51
88
242
52
148
153
141
91
231
198
253
11
87
159
226
199
61
42
111
202
152
142
162
9
103
197
181
145
202
105
53
227
157
231
60
15
68
70
119
3
150
83
206
86
115
181
136
218
129
255
154
12
46
39
74
147
221
185
191
225
209
94
104
248
65
53
205
2
179
21
179
25
188
158
187
84
124
9
127
232
193
188
162
129
90
248
210
102
86
206
251
173
155
53
43
234
246
95
195
107
98
240
109
56
39
99
12
68
219
10
205
63
147
171
205
32
176
178
182
152
183
55
16
114
63
199
130
59
221
243
45
4
57
127
159
204
88
105
3
211
151
98
103
26
203
72
2
156
10
190
93
77
227
56
133
226
71
53
194
31
115
180
217
4
109
219
130
179
240
214
194
245
135
28
247
95
107
152
8
38
162
75
138
77
25
77
37
250
192
252
240
197
61
77
162
148
244
148
209
184
26
167
0
86
47
242
252
233
146
162
160
216
108
90
176
22
229
87
44
190
150
51
126
112
109
87
70
188
100
111
60
47
230
13
93
75
170
63
251
184
53
89
40
52
186
54
56
144
214
55
186
59
67
158
111
247
213
160
16
17
81
159
237
218
253
139
5
215
73
203
155
238
235
26
8
140
140
201
96
61
172
135
230
79
176
201
6
214
52
43
212
66
95
70
152
118
158
66
95
165
253
240
165
187
28
198
114
168
101
135
89
153
106
20
218
66
44
126
131
109
108
12
213
208
183
200
45
156
149
196
249
35
38
253
229
218
38
137
201
92
122
122
214
206
9
248
190
24
191
255
90
67
178
96
108
176
235
58
107
230
47
84
94
136
28
111
185
157
217
36
234
234
28
156
149
243
52
163
154
196
180
251
218
11
100
16
29
25
26
228
198
109
139
253
19
98
157
15
237
97
82
137
36
174
184
102
237
104
135
250
27
186
229
139
247
148
12
244
103
199
210
49
50
142
67
249
225
217
251
134
255
155
62
162
163
179
211
114
51
107
161
114
90
104
217
211
109
77
0
129
243
177
129
173
60
178
117
92
57
98
122
241
206
13
135
76
232
210
108
210
239
75
44
62
196
123
213
124
203
147
194
108
244
109
18
239
225
245
68
93
134
25
126
186
174
200
32
16
46
178
146
197
242
18
238
47
199
143
27
221
219
180
20
89
77
25
206
138
120
161
213
178
99
229
223
104
171
66
131
130
170
13
198
224
9
165
250
139
55
163
95
214
58
77
69
206
218
22
50
66
206
196
125
245
243
247
131
123
146
8
166
130
123
7
217
233
47
138
246
214
236
122
203
189
77
32
85
215
109
209
174
144
179
81
93
32
98
220
195
26
38
19
216
224
220
96
86
100
94
184
191
28
255
120
122
15
146
64
100
117
111
49
59
230
23
196
91
82
77
85
188
167
73
2
59
15
55
162
81
245
206
234
47
193
202
62
252
218
165
48
9
221
27
158
138
121
5
81
150
72
203
62
206
97
214
14
134
238
12
100
229
189
135
235
91
176
217
159
243
236
89
110
66
215
6
145
123
107
67
207
97
222
41
199
123
158
64
35
131
98
2
121
41
239
161
168
18
236
246
71
60
197
10
21
240
165
145
172
158
167
114
121
105
119
92
228
187
7
145
220
110
202
48
125
200
223
168
182
24
191
223
96
203
19
144
36
95
97
180
43
101
37
212
95
168
217
121
96
183
75
44
54
187
150
149
133
210
44
170
173
69
222
53
216
215
36
146
17
221
27
238
14
127
211
197
149
110
195
30
206
96
6
168
174
42
13
244
245
180
131
234
75
17
230
42
214
36
29
194
86
135
45
181
246
222
192
248
17
88
243
67
253
192
68
35
173
171
130
121
48
123
129
216
214
236
106
211
53
75
2
145
113
176
228
141
140
163
214
109
121
93
250
101
158
46
141
76
201
202
228
214
30
27
131
178
144
59
124
120
207
147
98
160
114
181
32
41
235
41
85
127
131
9
95
154
35
73
178
34
178
48
152
149
83
19
143
14
213
154
185
204
131
15
22
157
93
19
192
78
88
27
81
23
178
135
52
226
237
18
168
133
186
45
68
97
188
23
250
67
183
227
15
87
49
44
101
86
195
128
163
34
245
68
113
165
208
253
3
90
138
128
162
115
43
168
85
189
111
35
242
210
236
218
7
59
149
18
147
221
177
192
140
149
163
112
95
173
118
110
241
150
32
129
200
72
223
69
119
222
79
46
174
68
16
248
244
79
155
76
224
85
125
180
171
55
109
127
83
14
29
253
176
39
73
2
246
188
238
136
151
255
18
171
7
204
14
191
244
211
38
26
9
85
29
72
202
217
14
101
182
114
19
157
174
57
19
132
200
175
7
103
97
189
191
106
75
105
179
36
253
48
9
108
74
195
134
155
246
222
24
229
166
208
177
134
211
154
177
34
171
191
129
73
105
100
167
126
82
76
253
115
28
93
214
19
145
229
192
160
216
182
90
124
173
119
198
97
158
254
209
227
226
222
96
126
194
79
40
150
144
59
164
96
76
155
0
101
220
109
133
43
239
249
86
79
218
22
121
60
167
233
37
130
155
38
76
23
179
70
171
35
129
143
53
221
87
37
42
153
93
195
156
225
115
15
213
191
110
211
159
198
237
18
210
156
173
5
38
228
20
133
95
75
185
55
13
231
100
2
66
194
215
166
182
194
255
82
33
39
152
161
134
119
222
5
40
162
239
130
99
185
111
121
170
121
230
252
195
21
65
22
17
249
49
193
246
140
180
88
61
40
220
252
196
159
4
65
78
42
138
107
88
202
91
8
187
161
27
238
176
201
211
16
69
122
41
49
41
238
172
84
125
30
153
117
232
166
77
100
50
184
55
188
148
251
134
174
111
213
140
61
156
210
166
16
157
252
51
140
78
115
91
222
145
38
199
29
239
77
19
128
28
170
77
118
231
190
197
235
225
177
198
14
213
244
143
134
22
220
8
183
114
126
71
64
133
200
49
1
59
202
37
44
231
106
1
81
44
111
131
62
212
126
184
226
59
201
3
147
208
165
192
150
12
179
136
45
3
114
252
225
188
47
52
201
210
30
102
142
142
91
172
250
21
27
247
241
111
131
192
100
38
45
48
37
99
44
124
83
158
157
87
60
167
19
48
49
178
118
153
61
243
163
170
39
17
140
47
140
216
34
148
25
253
30
124
235
105
223
87
215
50
198
19
170
104
24
137
8
175
55
230
229
100
213
193
65
181
227