128
0
0
0
160
243
193
255
50
89
4
130
163
218
2
105
189
111
171
234
122
234
184
195
157
72
39
176
193
161
71
188
204
156
86
249
41
126
240
101
191
54
5
72
56
154
75
90
74
91
42
182
148
59
220
180
73
75
80
102
120
105
49
11
238
57
116
125
14
29
237
168
175
79
32
50
26
51
189
180
227
2
44
63
149
165
57
88
211
44
28
157
124
11
72
74
169
75
254
155
230
199
157
230
233
18
170
72
168
213
118
231
176
129
235
107
184
247
47
213
176
9
214
86
223
0
179
114
126
71
208
132
200
229
1
107
202
47
36
39
107
139
85
189
78
177
126
210
60
184
232
49
201
2
19
217
53
193
142
88
177
136
109
43
122
248
224
190
47
149
232
202
94
96
196
222
83
174
190
20
155
251
85
110
131
84
226
100
61
27
45
99
45
92
83
14
60
111
60
39
153
96
25
182
178
152
23
251
150
170
13
1
136
231
204
209
40
20
24
125
18
216
234
91
143
213
5
114
207
25
238
105
178
141
169
143
29
114
99
172
213
193
77
53
227
7
251
176
40
84
194
87
214
243
89
210
198
245
39
208
113
135
89
94
2
250
179
105
143
93
56
79
168
238
114
206
124
195
175
93
10
151
209
181
97
169
185
150
64
105
175
102
172
202
152
162
129
192
228
94
65
70
74
219
120
254
63
55
122
112
205
155
192
100
86
169
54
243
247
47
88
91
139
61
118
172
135
107
164
50
40
38
144
147
243
22
10
42
224
175
47
200
85
52
64
50
91
159
204
194
117
143
244
135
230
71
207
174
66
30
12
140
44
5
230
229
158
65
236
147
161
225
3
243
53
41
77
82
247
36
55
114
76
82
253
163
216
241
39
126
191
37
50
183
237
147
9
18
105
37
250
90
224
124
226
45
201
130
65
145
158
205
40
156
53
88
253
41
84
56
231
70
54
131
196
236
219
74
95
239
91
138
46
16
179
190
91
75
211
64
206
116
72
49
9
39
171
150
15
129
19
123
184
7
76
149
18
170
246
30
213
163
55
164
107
196
140
54
93
211
6
132
157
87
75
205
206
61
11
221
150
214
103
5
110
105
64
216
140
162
137
103
207
176
164
202
67
117
101
5
183
53
11
68
71
213
7
163
115
228
210
241
125
136
219
131
123
154
38
43
22
106
185
157
63
183
225
250
86
168
249
235
49
89
130
185
85
181
155
188
159
191
16
124
129
118
73
225
150
242
131
216
184
209
102
210
206
251
173
14
53
43
42
242
15
195
65
104
48
108
58
42
99
44
110
223
138
197
47
147
173
77
32
186
178
178
185
133
163
22
168
63
231
138
127
221
115
33
53
56
77
15
74
218
41
32
211
19
98
207
19
106
72
2
12
12
126
77
77
233
56
133
104
67
49
227
45
51
50
209
84
68
219
2
178
112
215
195
245
135
76
117
141
43
155
0
102
163
105
130
125
56
103
49
254
18
252
250
193
125
76
168
145
244
180
227
108
26
117
0
118
39
114
252
65
155
147
161
216
40
92
32
6
239
85
236
191
156
54
238
241
127
131
198
236
36
70
54
47
231
37
88
219
171
13
251
56
119
9
11
62
62
54
26
157
115
22
136
235
195
86
47
222
223
32
17
57
84
15
236
232
253
11
71
135
106
193
31
238
195
23
152
141
166
201
224
239
252
132
234
75
176
225
14
231
53
51
212
66
15
86
153
118
222
66
215
172
109
240
189
191
156
220
98
163
111
199
88
25
102
32
218
66
108
248
145
125
77
12
21
208
159
205
141
188
191
148
251
35
54
253
227
158
39
131
201
248
219
90
198
202
131
248
148
16
59
254
82
70
38
65
94
176
107
232
107
231
41
16
94
170
20
254
152
183
201
32
96
250
54
150
17
242
158
162
171
228
158
111
220
209
52
50
29
29
26
108
207
92
42
197
131
228
215
79
197
111
150
136
132
162
137
71
245
56
5
58
11
154
239
139
247
182
1
196
70
245
194
181
170
206
64
249
161
217
81
138
107
187
62
34
33
235
211
83
61
107
161
120
90
108
248
225
249
75
218
129
211
185
197
173
188
190
68
93
11
242
252
115
142
46
135
200
232
122
101
115
239
75
188
56
4
107
213
118
203
147
194
105
192
237
50
239
97
119
20
94
132
221
126
152
174
93
0
16
62
54
10
133
251
16
170
47
101
139
26
253
195
48
150
9
13
48
202
78
121
3
217
19
67
215
155
110
185
82
163
128
42
13
228
237
60
133
200
143
183
59
31
245
56
13
69
102
222
18
147
80
90
66
103
181
208
247
135
123
58
1
7
130
123
151
223
41
63
138
252
214
236
240
207
185
108
18
21
81
101
129
135
144
51
80
93
32
98
220
195
26
38
19
216
224
220
96
86
110
94
141
159
4
47
120
96
31
184
70
224
116
101
60
175
198
61
208
223
90
93
84
180
35
73
162
58
58
54
186
81
245
206
186
45
201
138
62
252
218
48
48
59
217
27
94
218
113
13
213
151
194
194
58
207
121
6
14
156
254
38
96
97
188
141
230
207
144
243
139
119
228
73
111
74
83
6
49
122
94
66
215
97
222
41
151
121
150
0
35
139
98
3
217
17
111
163
240
66
228
254
71
61
237
7
33
240
165
21
46
220
231
81
113
109
119
246
224
26
39
187
72
232
2
48
125
196
95
168
150
24
47
126
88
203
147
26
116
119
101
112
42
79
45
225
95
130
201
125
168
247
66
38
182
186
150
157
37
210
6
126
173
133
222
62
208
151
37
26
24
217
26
246
74
121
211
133
188
104
195
31
198
101
6
8
164
42
13
60
245
191
141
170
74
25
227
186
247
60
221
70
86
135
13
181
246
222
226
240
21
249
225
83
249
218
84
35
175
47
130
83
56
235
160
192
210
236
32
147
22
71
6
145
249
185
213
44
180
51
80
39
57
117
244
161
159
142
129
125
232
210
180
84
222
11
163
184
144
59
94
117
255
178
80
176
246
45
96
42
235
105
85
85
139
153
126
130
39
73
248
98
145
60
156
149
219
26
190
175
237
10
63
134
195
39
24
89
92
177
204
239
120
41
21
17
160
151
20
224
109
18
40
137
27
45
118
37
58
197
186
106
191
167
14
245
61
136
68
100
67
130
185
34
223
70
177
165
218
240
163
122
146
148
38
227
123
129
91
121
110
35
250
214
77
208
131
185
71
82
154
215
241
193
174
157
147
81
117
185
114
188
241
156
36
193
201
66
218
69
87
236
155
46
124
68
48
240
116
79
51
69
209
84
125
240
173
167
125
117
81
206
28
253
176
178
73
2
246
60
164
216
180
245
146
171
45
196
158
62
230
67
32
200
73
119
31
204
202
91
2
96
150
88
3
25
54
41
18
140
200
175
45
111
100
156
149
106
75
227
163
15
249
176
8
108
74
195
134
155
246
222
24
229
166
208
177
134
211
154
177
34
171
191
129
73
105
100
167
126
82
76
253
115
28
93
214
19
145
229
192
160
216
182
90
124
173
119
198
97
158
254
209
227
226
222
96