128
0
0
0
160
243
193
255
50
89
125
137
118
77
96
174
162
129
194
248
242
102
22
206
251
173
155
53
43
234
246
95
195
107
98
240
109
56
39
99
12
68
219
10
205
63
147
171
205
32
176
178
182
152
183
55
16
114
63
199
130
59
221
243
45
4
57
127
159
204
88
105
3
211
151
98
103
26
203
72
2
156
10
190
93
77
227
56
133
226
71
53
194
31
115
180
217
4
109
219
130
179
240
214
194
245
135
28
247
95
107
152
8
38
162
75
138
77
25
77
37
250
192
252
240
197
61
77
162
148
244
148
209
184
26
167
0
86
47
242
252
233
146
162
160
216
108
90
176
22
229
87
44
190
150
51
126
112
109
87
70
188
100
111
60
47
230
13
93
75
170
63
251
184
53
89
40
52
186
54
56
144
214
55
186
59
67
158
111
247
213
160
16
17
81
159
237
218
253
139
5
215
73
203
155
238
235
26
8
140
140
201
96
61
172
135
230
79
176
195
6
227
20
43
192
70
69
22
187
116
222
66
85
160
253
208
151
111
28
20
114
136
109
7
89
49
99
37
219
66
104
120
19
125
102
14
21
209
55
201
44
156
149
148
123
241
102
254
237
154
39
161
193
252
250
66
210
206
201
184
182
18
59
254
208
74
182
97
116
96
235
32
123
204
43
208
95
130
17
251
153
183
205
160
226
250
29
148
17
243
148
162
175
197
172
251
218
11
52
18
21
89
26
236
195
109
43
247
19
98
85
15
230
111
18
136
44
171
40
71
245
168
3
250
27
154
229
139
247
60
5
192
103
199
130
51
162
158
105
249
33
216
115
143
251
154
38
230
165
179
147
91
53
107
160
218
91
248
216
225
185
77
144
129
217
179
193
172
60
178
117
92
57
98
122
241
206
13
135
76
232
210
108
210
239
75
44
62
196
123
213
124
203
147
194
108
244
109
18
239
225
245
68
93
134
25
126
146
174
104
32
16
42
50
16
213
216
18
234
47
111
142
26
221
241
228
150
219
13
16
194
206
121
171
208
34
66
215
223
104
41
66
169
130
234
12
100
236
61
133
200
223
53
233
95
246
48
77
68
78
214
178
19
104
94
66
167
245
216
253
3
122
176
8
3
131
99
71
223
51
47
160
248
82
237
250
194
45
76
56
1
213
109
145
134
152
183
80
95
32
195
253
219
90
32
89
136
232
222
36
87
230
87
188
62
60
191
254
42
95
144
72
36
117
197
48
158
231
37
128
93
154
77
116
190
35
73
128
55
10
23
136
65
113
86
250
46
201
202
62
214
210
160
17
35
221
27
20
154
82
1
209
151
234
207
155
207
121
66
136
142
190
47
98
165
189
37
239
110
144
243
27
113
36
89
111
64
83
6
187
126
90
99
229
33
88
33
199
80
150
128
34
33
99
3
89
27
171
167
34
66
238
244
199
60
79
11
16
209
151
85
40
150
231
81
121
109
118
254
224
186
39
137
88
236
154
112
84
204
27
169
20
20
30
255
82
143
21
130
52
127
99
52
43
71
40
225
127
154
221
249
248
247
104
46
118
187
190
149
133
114
38
186
169
77
222
20
218
215
36
24
21
217
58
220
78
249
219
149
188
110
67
31
108
97
146
136
174
106
11
190
245
190
137
238
74
145
234
27
215
22
141
68
212
199
14
181
114
222
232
240
181
217
249
67
253
144
68
35
163
107
130
91
56
127
160
192
194
232
32
147
23
73
2
145
243
188
116
173
166
115
86
165
105
118
248
165
159
6
136
73
200
202
224
86
156
27
168
176
144
58
212
124
110
179
72
160
242
103
112
42
229
45
85
93
139
13
126
130
55
77
248
98
144
50
152
149
209
31
31
46
255
74
57
4
147
36
20
93
92
59
197
75
89
27
85
151
48
135
31
224
237
19
0
132
42
44
118
181
188
135
250
105
181
163
14
87
49
44
101
86
195
128
163
34
245
68
113
165
208
253
3
90
138
128
162
115
43
168
85
189
111
35
242
210
236
218
7
59
149
18
147
221
177
192
12
145
167
113
71
41
244
124
177
148
34
133
200
106
210
224
86
236
159
174
102
4
57
242
116
78
179
73
112
84
79
180
43
117
61
92
89
138
29
223
189
130
104
48
38
60
38
200
190
245
146
170
173
200
58
191
222
23
162
74
89
92
21
12
203
89
2
193
183
64
67
31
124
121
26
142
140
174
173
99
192
157
149
254
205
161
179
36
241
176
9
76
74
83
39
163
246
94
146
181
142
212
117
135
249
146
132
34
129
175
133
129
41
109
173
254
83
204
241
215
29
111
134
145
67
165
201
170
156
183
240
120
12
87
236
245
24
54
209
227
238
94
96
94
194
223
137
174
144
187
46
48
100
159
196
100
84
100
36
11
197
169
84
205
154
21
121
184
167
233
37
23
155
38
140
19
227
70
129
41
65
142
55
208
87
5
0
157
221
203
140
225
117
143
213
21
106
71
31
204
173
20
80
156
172
1
98
228
156
140
254
107
147
103
15
101
36
1
66
70
215
166
182
87
255
82
225
35
200
161
172
125
30
4
42
175
239
162
73
189
239
113
186
121
224
124
195
191
69
130
145
243
113
199
116
140
181
92
121
40
94
245
97
30
14
129
202
226
202
104
80
74
91
8
187
164
26
238
164
205
211
16
101
120
41
49
33
230
169
85
101
10
29
167
232
140
67
36
50
146
58
140
21
219
146
170
117
213
141
55
156
210
140
16
172
93
19
24
200
105
91
222
145
230
199
191
235
217
51
152
88
44
77
54
228
176
193
235
65
176
103
14
205
180
9
156
22
252
12
183
114
246
78
225
37
240
117
135
33
138
7
42
227
106
43
89
140
111
169
46
80
252
168
200
59
201
2
49
212
5
224
188
72
53
16
45
40
122
184
224
148
39
5
201
210
90
96
142
158
112
162
186
20
19
242
100
207
187
196
100
46
125
51
35
167
44
252
95
63
29
119
108
165
89
112
57
188
178
152
53
246
166
139
63
17
12
127
140
210
40
84
24
87
26
72
203
67
139
213
79
50
236
21
234
105
58
132
152
46
37
226
229
230
149
233
67
241
226
165
247
17
8
102
134
81
196
227
121
208
70
245
5
221
68
167
107
90
130
98
243
74
141
29
56
109
168
123
82
206
108
71
55
29
3
149
149
181
195
173
184
182
88
237
45
54
236
227
156
102
128
74
232
94
193
126
142
223
162
238
31
61
186
112
77
146
100
101
124
253
52
107
247
47
86
31
139
183
127
157
166
107
224
180
120
102
147
155
247
22
10
42
112
174
47
28
85
100
64
56
83
95
205
72
113
30
213
181
166
65
141
174
72
20
12
141
172
12
118
228
134
21
238
147
225
201
11
247
52
43
77
243
214
60
119
116
6
2
245
161
156
240
167
114
27
36
50
35
107
209
25
57
97
37
251
122
224
236
67
21
201
2
203
193
182
201
236
157
31
80
200
41
126
40
227
142
118
138
206
108
218
192
83
126
122
184
106
150
123
174
113
67
215
65
110
117
233
49
17
103
45
140
15
161
23
123
184