128
0
0
0
160
243
193
255
50
89
200
72
218
209
215
254
223
168
180
4
19
248
48
79
51
69
65
85
125
36
173
247
125
127
89
14
29
119
180
35
104
48
182
58
230
216
190
255
146
170
173
205
14
63
254
23
34
200
9
95
23
200
203
89
2
193
183
64
67
31
124
121
26
142
140
174
173
99
192
157
149
254
205
161
179
36
241
176
9
76
74
83
39
163
246
94
146
181
142
212
117
135
249
146
132
34
129
175
133
129
41
109
173
254
83
204
241
215
29
111
134
145
67
165
201
170
156
183
240
120
12
87
236
245
24
54
209
227
238
94
96
94
194
223
137
174
144
187
46
48
100
159
196
100
246
101
176
43
197
233
82
135
154
31
115
188
166
105
41
38
154
20
28
149
97
6
162
41
197
142
159
217
246
5
0
13
219
11
156
225
127
143
213
159
110
67
62
254
237
146
88
204
133
1
226
229
62
141
106
75
147
39
9
47
36
11
72
66
214
38
186
102
254
96
113
165
74
225
143
125
154
4
130
166
78
162
73
45
233
177
170
121
234
124
195
53
65
134
176
193
49
65
124
220
156
92
249
41
244
244
97
158
4
69
206
48
202
98
90
202
90
136
183
0
27
220
244
79
1
80
108
114
109
48
139
226
8
117
79
158
155
111
232
140
79
164
50
178
58
28
180
227
146
42
255
133
165
51
88
211
166
24
153
93
57
8
204
161
27
215
155
102
198
63
231
125
50
170
8
174
159
118
237
186
133
234
235
180
198
46
231
32
143
84
22
252
0
55
114
214
78
113
132
200
117
7
171
218
47
46
39
107
1
81
185
111
131
62
84
52
232
193
49
73
3
177
216
161
225
142
24
183
194
109
33
112
252
225
62
35
164
233
248
206
230
70
158
112
174
58
20
51
242
244
110
131
196
228
164
45
27
39
99
45
214
87
10
29
93
124
161
145
48
48
182
50
153
191
250
55
170
13
85
138
183
156
248
32
80
25
247
27
233
203
91
203
83
85
50
204
17
234
105
178
141
57
142
29
166
99
252
213
203
69
245
226
13
254
181
9
102
210
83
12
227
115
218
6
245
173
217
69
39
97
26
4
112
243
107
143
221
56
69
173
219
114
228
60
69
55
13
3
147
209
180
195
173
140
182
106
237
45
174
172
203
154
38
129
234
225
111
97
108
10
93
112
254
20
63
186
113
103
159
84
228
92
233
48
113
247
46
92
31
139
181
127
13
167
65
244
48
170
102
147
147
119
22
10
42
117
175
47
8
81
100
64
24
81
95
205
192
120
143
212
173
226
199
199
190
66
24
140
140
38
5
226
196
172
213
234
73
161
193
11
183
53
169
65
99
246
22
167
244
206
18
222
163
92
241
143
119
30
37
50
39
235
83
25
18
99
37
250
208
228
120
195
31
137
4
73
193
183
205
168
157
181
89
252
41
84
104
101
148
118
128
204
172
218
98
87
234
90
160
46
16
123
238
114
77
211
65
206
116
72
49
9
39
171
150
15
129
19
123
184
7
76
149
18
170
246
30
213
163
55
164
107
196
6
50
204
82
20
0
159
213
75
231
204
125
11
221
155
230
230
15
106
233
194
200
167
162
137
102
103
180
5
234
105
117
229
215
231
54
5
64
71
247
15
167
82
252
198
245
55
200
249
129
123
154
174
39
179
106
139
157
191
101
225
251
82
236
249
193
60
93
3
171
65
177
25
252
182
179
80
125
11
127
73
224
164
226
135
16
168
218
100
18
207
123
161
63
52
43
126
112
29
211
64
106
240
108
26
39
198
13
92
155
12
23
63
185
165
73
33
48
187
38
153
175
99
18
114
127
239
138
63
220
241
45
165
24
103
223
202
18
57
11
209
211
99
231
22
111
73
2
8
140
252
77
102
235
56
132
98
67
53
194
31
167
52
11
84
100
211
70
178
210
219
103
212
181
204
119
151
43
177
2
166
163
99
143
221
24
127
37
122
130
172
211
207
185
77
128
153
81
181
227
104
154
111
64
127
37
114
253
65
147
54
160
242
232
88
224
6
196
95
172
190
150
51
126
112
109
87
70
188
100
111
60
47
230
13
93
75
170
63
251
184
53
89
40
52
186
54
56
144
214
55
186
59
67
158
111
247
213
160
16
155
80
175
76
200
189
141
143
215
99
201
223
239
73
27
156
172
140
137
102
119
172
141
236
75
177
67
10
210
21
25
80
192
199
86
152
116
90
66
253
169
92
208
151
255
26
212
98
136
103
7
89
187
103
33
250
112
40
254
27
45
79
14
149
208
149
200
184
188
149
212
125
187
102
244
231
158
38
33
205
205
251
112
66
72
75
248
149
18
191
254
120
67
23
97
116
240
237
224
107
204
33
208
95
170
20
107
152
133
205
32
160
170
62
158
149
243
182
175
10
228
158
43
90
195
116
59
31
217
27
196
198
253
42
197
19
226
23
95
197
101
150
136
14
166
141
102
199
120
131
50
91
179
239
11
246
20
0
80
102
245
130
179
224
206
74
243
165
216
81
130
94
187
20
54
37
123
211
114
63
235
161
242
94
104
217
211
185
205
210
209
250
185
69
172
30
191
208
125
11
178
250
57
142
36
141
204
233
242
105
214
78
115
168
188
30
43
246
118
203
147
224
97
196
76
32
255
101
109
4
94
134
89
126
178
166
205
33
8
58
54
64
197
216
28
174
47
237
130
43
92
251
160
16
67
77
24
196
138
120
163
213
34
98
207
203
236
121
66
131
138
42
13
198
224
12
164
250
159
51
163
95
246
56
77
69
76
214
130
178
72
94
66
45
245
243
251
131
123
178
8
54
35
67
7
89
99
127
162
242
18
237
80
195
136
77
10
69
211
165
145
167
154
51
80
221
44
198
221
241
74
164
193
152
233
214
36
87
196
90
44
191
46
187
254
168
31
184
74
96
116
69
60
63
103
5
208
95
208
13
124
176
231
72
136
50
15
54
144
65
241
6
250
36
195
10
63
124
214
148
49
9
137
153
140
154
120
7
145
150
104
198
155
239
83
146
136
84
254
38
108
225
188
173
230
95
49
203
139
247
110
25
71
78
151
7
25
114
251
67
215
101
94
51
215
112
148
0
34
3
110
54
121
41
175
39
186
2
205
246
135
60
79
11
16
209
151
85
40
150
231
81
121
109
118
254
224
186
39
137
88
236
154
112
84
204
27
169
60
20
191
95
88
15
23
74
52
127
107
116
43
229
44
112
94
130
141
123
248
183
75
34
114
187
156
152
176
242
52
106
169
7
222
52
210
215
36
176
28
232
59
220
10
255
75
133
182
108
131
30
108
97
7
136
174
106
139
244
165
157
131
110
74
179
226
31
246
14
153
64
158
135
44
183
114
222
96
252
16
217
203
67
125
66
68
34
167
47
130
121
48
238
129
234
210
236
170
131
61
67
134
144
249
185
213
44
180
51
80
39
57
117
244
161
159
142
129
125
232
210
180
84
222
11
163
184
144
59
94
117
255
178
80
176
246
45
96
42
235
105
85
85
139
153
126
130
39
73
248
98
145
60
156
149