128
0
0
0
160
243
193
255
50
89
142
159
220
98
165
32
157
93
17
220
226
127
75
213
55
103
226
62
254
125
148
152
220
133
11
226
229
180
137
110
106
161
103
143
39
116
34
72
194
215
132
187
242
222
96
49
163
0
225
133
119
158
5
2
170
127
163
123
189
111
51
234
90
234
248
195
157
72
39
176
193
161
71
188
204
156
86
249
41
126
240
101
191
54
5
72
56
154
75
90
74
91
42
182
148
59
220
180
73
75
80
102
120
105
49
11
238
57
116
125
14
29
237
168
175
79
32
50
26
51
189
180
227
2
44
63
149
165
57
88
211
44
28
157
124
11
72
74
169
75
254
155
230
199
157
230
233
18
170
72
168
213
118
231
176
129
235
107
184
247
47
213
176
9
214
86
223
0
179
114
126
71
208
132
200
229
1
107
202
47
36
39
107
139
85
189
78
177
126
210
60
184
232
49
201
2
19
217
53
193
142
88
177
136
109
43
122
248
224
190
47
149
232
202
94
96
196
222
83
174
190
20
155
251
85
110
131
84
226
100
61
27
45
99
45
92
83
14
60
111
60
39
153
96
25
182
178
152
23
251
150
170
13
1
136
231
204
209
40
20
24
125
18
216
234
91
143
213
5
114
207
25
238
105
178
141
169
143
29
114
99
172
213
193
77
53
227
7
251
176
40
84
194
87
214
243
89
210
198
245
39
208
113
135
89
94
2
250
179
105
143
93
56
79
168
238
114
206
124
195
175
93
10
151
209
181
97
169
185
150
64
105
175
102
172
202
152
162
129
192
228
94
65
70
74
219
120
254
63
55
122
112
205
155
192
100
86
169
54
243
247
47
88
91
139
61
118
172
135
107
164
50
40
38
144
147
243
22
10
42
224
175
47
200
85
52
64
50
91
159
204
194
117
143
244
135
230
71
207
174
66
30
12
140
44
5
230
229
158
65
236
147
161
225
3
243
53
35
77
103
215
36
35
118
86
2
222
161
152
241
45
123
191
5
0
99
237
65
9
50
97
165
250
242
233
77
227
45
141
132
209
129
148
207
232
157
181
89
252
41
84
104
101
148
118
128
204
172
218
104
87
122
251
178
62
20
105
174
112
67
23
65
78
120
76
16
35
35
171
94
31
139
31
127
185
165
72
48
51
128
166
156
77
163
60
174
47
197
172
54
105
210
30
212
31
133
91
204
206
61
10
253
155
118
71
55
106
105
72
152
143
166
77
103
77
188
48
234
67
101
225
31
167
63
15
192
70
119
3
3
83
206
150
119
229
136
240
139
63
155
14
35
39
106
185
217
57
183
241
209
88
232
248
75
53
201
35
129
129
181
195
188
190
179
16
124
137
115
217
192
142
50
7
216
184
241
102
210
206
83
164
58
53
43
122
240
159
211
107
104
240
109
178
35
103
45
118
155
140
197
111
186
171
77
33
48
179
183
152
183
103
146
160
127
196
138
123
220
209
37
52
24
85
139
200
138
105
9
215
215
99
109
31
203
104
48
72
10
108
93
109
235
184
133
74
78
4
195
31
55
178
73
20
103
217
66
178
250
211
82
116
149
200
119
15
43
177
2
38
163
99
143
221
24
127
37
122
130
172
211
207
185
77
128
153
81
181
227
104
154
111
64
127
37
114
253
193
151
50
161
234
108
218
242
70
198
93
168
190
190
62
238
113
71
87
198
110
52
108
48
43
230
47
85
79
139
39
239
188
127
25
10
54
186
54
186
156
70
23
144
235
195
86
127
220
215
96
17
57
84
154
236
218
249
11
135
215
98
201
155
239
67
30
169
172
166
201
224
239
252
132
232
75
176
225
14
231
53
51
212
66
15
86
153
118
222
66
215
172
109
240
189
191
156
220
98
163
111
199
88
25
102
32
218
66
108
248
145
125
77
12
21
208
61
201
40
189
167
0
125
43
102
222
229
222
39
33
205
205
251
112
66
72
75
248
149
18
191
254
120
67
23
97
116
240
237
224
107
204
33
208
95
8
21
255
184
133
141
38
234
170
52
148
145
242
182
167
63
228
180
63
94
83
116
26
29
89
27
78
194
249
11
247
83
100
31
15
236
101
22
137
172
167
25
70
199
56
133
120
91
185
229
15
247
148
12
97
103
199
18
53
98
142
105
243
33
216
115
138
207
26
6
230
37
49
195
88
55
175
160
218
91
248
216
225
185
77
144
129
217
179
193
172
60
178
117
92
57
98
122
241
206
13
135
76
232
210
108
210
239
75
44
62
196
123
213
124
203
147
194
108
244
109
18
239
225
245
68
93
134
25
126
152
174
93
0
16
62
54
10
133
251
16
170
47
101
139
26
253
195
48
150
9
13
48
202
78
121
3
217
19
67
215
155
110
185
82
163
128
42
13
70
236
168
165
200
207
177
113
31
255
50
9
68
230
210
35
146
98
202
196
229
245
243
247
3
123
146
8
166
130
123
7
217
233
47
138
246
214
236
122
203
189
77
32
85
215
109
209
174
144
179
81
93
32
98
220
195
26
38
19
216
224
220
96
86
110
94
141
159
4
47
120
96
31
184
70
224
116
101
60
175
198
61
208
223
90
93
84
180
35
73
162
58
58
54
186
81
245
206
186
45
201
138
62
244
218
164
144
49
93
25
198
218
113
13
81
151
194
194
175
207
121
198
10
204
254
12
106
161
189
143
235
207
176
217
143
247
236
89
111
76
211
6
155
126
202
194
221
33
216
171
151
120
146
68
35
11
107
54
89
49
187
163
234
2
231
254
71
61
237
7
33
240
165
21
46
220
231
81
113
109
119
246
224
26
39
187
72
232
2
48
125
196
95
168
150
24
47
126
88
203
147
26
116
119
101
112
42
79
45
225
95
130
201
125
168
247
66
38
182
186
150
157
37
210
6
126
173
133
222
62
208
151
37
26
24
217
26
246
74
121
211
133
188
104
195
31
198
101
6
8
164
42
13
60
245
191
141
170
74
25
227
186
247
60
221
70
86
135
13
181
246
222
226
240
21
249
225
83
249
218
84
35
175
47
130
83
56
235
160
192
210
236
32
147
22
71
6
145
249
185
213
44
180
51
80
39
57
117
244
161
159
140
129
237
233
248
160
208
12
11
163
176
16
59
94
117
250
179
80
164
242
45
96
10
233
105
85
93
131
156
127
154
51
205
42
98
187
50
220
149
241
23
142
46
205
30
59
156
195
38
18
89
92
153
204
78
216
35
149
19
104
151
20
232
45
18
138
141
138
12
110
117
184
197
250
73
179
163
14
93
52
44
69
100
23
128
113
34
213
76
241
165
120
244
50
91
138
196
164
227
59
162
87
125
110
35
242
71
236
218
7
187
223
66
176
215
49
192
174
157
167
81
71
185
114
36
177
180
34
129
200
202
211
213
87
244
159
174
102
84
59
250
52
78
179
73
229
84
125
176
43
181
109
84
81
14
28
87
180
179
201
8
182
186
108
136
150
251
86
171
135
197
59
63
212
7
38
0
73
86
29
72
202
217
14
101
182
114
19
157
174
57
19
132
200
175
7
103
97
189
191
106
75
105
179
36
253
48
9