128
0
0
0
160
243
193
255
50
89
36
176
25
236
154
252
78
121
1
197
191
100
135
31
78
108
55
169
156
186
139
118
181
151
131
110
75
185
239
139
214
36
141
196
150
151
45
191
246
222
192
253
37
216
211
67
125
66
20
32
175
111
130
121
48
123
129
216
214
236
106
211
53
75
2
145
113
176
228
141
140
163
214
109
121
93
250
101
158
46
141
76
201
202
228
214
30
27
131
178
144
59
124
120
207
147
98
160
114
181
32
41
235
41
85
127
131
9
95
154
35
73
178
34
178
48
152
149
83
19
143
14
213
154
185
204
131
15
22
157
93
19
192
78
88
27
81
23
178
135
52
226
237
18
10
132
46
13
68
33
186
93
250
73
189
231
14
215
61
29
100
100
83
6
33
98
214
68
245
165
120
244
162
90
138
16
164
179
59
168
95
189
111
169
246
214
205
232
71
189
157
66
186
221
49
193
46
148
55
80
95
237
112
36
241
156
42
133
201
200
211
116
118
236
223
168
44
4
51
248
112
79
51
69
65
85
125
36
173
247
125
127
89
14
29
119
180
35
104
48
182
58
230
216
190
255
146
170
173
205
14
63
254
23
34
200
9
95
23
200
203
89
2
193
183
64
67
31
124
121
26
142
140
174
173
99
192
157
149
254
205
161
179
36
241
176
9
76
74
83
39
163
246
94
146
181
142
212
117
135
249
146
132
34
129
175
133
129
41
109
173
254
83
204
241
215
29
111
134
145
67
165
201
170
156
183
240
120
12
87
236
245
24
54
209
227
238
94
96
94
194
223
137
174
144
187
46
48
100
159
196
100
246
101
176
43
197
233
82
135
154
31
115
188
166
105
41
38
154
20
28
149
97
6
162
41
197
142
159
217
246
5
0
13
219
11
156
225
127
143
213
159
110
67
62
254
237
146
88
204
133
1
226
229
62
141
106
75
147
39
9
47
36
11
72
66
214
44
186
83
222
96
101
161
80
177
172
127
218
4
136
163
78
130
123
249
233
99
170
89
226
252
195
157
72
183
177
193
117
71
236
204
150
94
57
40
116
245
96
158
4
21
76
226
138
97
82
138
91
160
191
160
155
228
240
79
193
16
100
120
233
49
1
235
12
116
87
78
155
117
248
166
75
32
51
184
55
136
148
201
134
174
247
149
164
59
220
211
6
25
172
92
33
8
204
161
75
213
147
38
198
55
226
125
146
160
8
174
87
118
230
180
197
235
227
177
86
15
255
224
11
84
22
220
0
55
114
126
71
69
132
200
37
5
59
202
5
46
231
106
137
88
189
110
155
122
82
52
168
232
55
73
2
25
217
49
224
188
204
183
82
109
11
114
188
224
62
35
164
233
248
206
230
70
158
112
174
58
20
51
242
244
110
131
196
228
164
45
27
39
99
45
214
87
10
29
93
124
161
145
48
48
182
50
153
151
250
151
170
13
81
10
53
140
210
32
84
25
95
26
232
203
113
155
209
215
114
197
29
174
104
184
136
169
175
47
166
99
126
213
225
69
181
227
175
242
129
41
84
134
81
70
227
83
208
6
244
45
213
225
6
75
138
130
170
243
64
133
93
57
103
173
126
115
252
124
67
237
13
41
157
85
181
67
164
28
183
114
185
47
174
236
227
146
34
128
232
225
206
64
116
74
91
58
174
28
61
254
112
229
150
80
101
124
169
182
33
167
44
84
95
139
31
126
168
166
115
176
54
98
102
178
145
243
22
136
38
112
143
5
24
213
252
80
25
89
95
205
234
112
138
245
135
226
199
77
174
105
28
12
141
132
1
71
197
180
65
108
65
241
226
13
247
53
11
69
86
214
60
35
118
6
18
223
161
216
241
165
114
47
5
24
103
109
91
25
57
107
229
251
114
229
121
227
45
205
2
195
145
181
207
40
157
63
88
249
8
102
172
225
156
54
163
204
168
219
192
83
235
122
184
170
146
43
174
91
73
23
64
108
120
233
17
59
99
173
132
31
161
17
251
184
37
65
160
50
152
242
158
77
227
20
166
43
196
46
50
204
242
30
16
155
221
75
198
206
125
11
87
159
226
199
61
42
111
202
152
142
162
9
103
197
181
145
202
105
53
227
157
231
60
15
68
70
119
3
150
83
206
86
115
181
136
218
129
255
154
134
47
23
235
129
157
191
53
225
251
92
44
249
227
52
89
34
179
85
181
83
188
148
177
80
125
137
115
217
192
142
50
7
216
184
241
102
210
206
83
164
58
53
43
122
240
159
211
107
104
240
109
178
35
103
45
118
155
140
197
111
186
171
77
33
18
179
34
184
183
119
22
56
63
205
136
63
220
115
33
53
56
77
15
74
218
41
32
211
19
98
207
19
106
72
2
12
12
126
77
77
233
56
133
202
66
165
195
45
115
52
155
84
78
209
6
179
210
219
103
212
181
204
119
151
43
177
2
166
163
99
143
221
24
127
37
122
130
172
211
207
185
77
128
153
81
181
227
104
154
111
64
127
37
114
253
193
151
50
161
234
108
218
242
70
198
93
168
190
180
62
219
81
95
135
198
116
36
70
54
175
231
37
88
219
171
13
251
56
119
9
11
62
62
54
26
157
115
22
136
235
195
86
47
222
223
32
17
49
84
155
76
226
121
9
223
135
106
193
155
238
201
23
56
173
190
217
228
165
236
132
230
15
176
233
14
115
53
51
196
70
15
86
152
120
218
66
221
169
204
113
175
255
154
94
50
160
99
195
88
145
111
20
250
90
56
250
211
109
70
4
21
209
21
196
28
189
167
132
255
105
38
253
237
218
39
139
201
108
219
90
214
206
131
248
149
30
63
254
88
67
135
192
76
240
109
106
59
228
37
20
94
34
29
202
184
175
157
34
34
234
61
158
17
243
182
175
159
228
158
235
94
147
116
17
21
25
26
198
203
253
10
239
23
98
31
79
197
99
22
136
164
162
25
230
205
56
133
176
91
178
235
79
246
156
9
241
70
223
210
177
98
142
73
243
33
216
81
130
203
187
20
246
33
43
211
88
53
43
160
240
83
104
249
249
189
77
218
193
250
191
197
172
180
187
68
253
1
242
252
187
142
37
137
136
233
112
96
115
207
121
104
56
214
107
245
126
75
147
224
97
193
77
32
235
97
109
4
126
132
89
126
186
174
200
32
16
46
178
146
197
242
18
238
47
199
143
27
221
219
180
20
89
77
25
206
138
120
137
213
19
195
239
95
106
99
66
131
138
234
13
100
228
152
132
226
219
181
163
31
245
54
73
69
236
215
35
178
80
30
196
55
245
211
255
131
123
58
1
151
131
123
67
223
121
63
128
244
22
237
122
203
40
77
32
85
87
39
129
141
154
51
81
127
40
102
253
219
14
34
89
152
194
222
96
86
236
82
29
191
46
255
248
168
15
147
68
32
117
77
57
170
199
61
212
95
216
93
127
182
35
72
8
62
174
182
176
17
243
76
186
44
205
206
62
116
211
145
16
17
137
25
220
154
114
13
81
151
194
194
175
207
121
198
10
204
254
12
106
161
189
143
235
207
176
217
143
247
236
89
111
76
211
6