128
0
0
0
160
243
193
255
50
89
11
117
151
211
70
47
106
105
24
152
164
168
77
102
69
185
160
203
91
165
101
31
167
31
15
192
70
223
10
55
83
206
198
117
117
152
218
139
255
154
134
42
35
107
161
157
63
183
177
248
94
232
249
227
52
89
34
179
85
181
83
188
148
177
80
125
137
115
217
192
142
50
7
216
184
241
102
210
206
83
164
58
53
43
122
240
159
211
107
104
240
109
178
35
103
45
118
155
140
197
111
186
171
77
33
18
179
34
184
183
119
22
56
63
205
136
63
220
115
33
53
56
77
15
74
218
41
32
211
19
98
207
19
106
72
2
12
12
126
77
77
233
56
133
104
67
49
227
45
51
50
209
84
68
219
2
178
82
215
86
213
135
92
241
21
107
146
2
34
163
203
134
124
24
127
181
124
66
188
211
197
185
77
10
157
85
148
209
40
28
103
16
86
37
242
252
99
150
166
129
234
44
220
184
70
204
87
172
191
52
50
234
80
109
23
64
246
100
101
54
43
231
141
81
122
171
13
107
62
183
25
11
52
62
54
144
153
119
55
186
171
69
94
127
247
223
160
16
155
85
155
204
232
189
13
13
135
96
203
27
239
73
27
156
172
140
137
102
119
172
141
236
75
177
67
10
210
21
25
80
192
199
86
152
116
90
66
253
169
92
208
151
255
26
212
98
136
103
7
89
187
103
33
250
112
40
254
27
45
79
14
149
208
149
200
184
188
149
212
125
187
102
244
231
158
38
33
205
205
251
112
66
72
75
248
149
18
191
254
120
67
23
97
116
240
237
224
107
204
33
208
95
8
21
255
184
133
141
38
234
170
52
148
145
242
54
163
59
229
172
187
220
65
52
24
31
93
27
108
207
92
42
197
131
228
215
79
197
111
150
136
132
162
137
71
245
56
5
58
11
154
239
139
247
182
1
196
70
245
194
181
170
206
64
249
161
217
219
142
90
154
38
178
167
227
195
114
61
47
161
80
82
201
249
225
253
203
192
193
218
187
197
172
60
178
229
93
57
182
122
161
206
7
143
140
233
216
105
215
206
121
60
58
30
107
255
116
11
147
72
101
192
205
42
171
231
127
4
95
134
153
126
146
171
104
0
58
126
176
146
213
242
20
170
46
199
143
47
221
233
180
20
193
13
49
200
202
121
41
220
34
99
253
219
232
177
82
136
136
234
12
78
233
168
5
194
207
177
185
31
244
60
73
69
238
215
179
179
122
10
64
229
245
211
247
3
123
58
1
146
130
123
87
219
121
63
160
246
22
237
242
194
185
76
56
17
209
109
145
135
150
179
80
245
33
242
221
241
206
38
131
216
202
222
32
87
110
94
141
159
4
47
120
96
31
184
70
224
116
101
60
175
198
61
208
223
90
93
84
180
35
73
162
58
58
54
186
81
245
206
186
45
201
138
62
222
218
165
16
59
201
159
198
154
120
15
145
151
96
198
59
239
97
130
140
204
190
15
100
165
189
47
234
110
176
193
207
113
246
89
79
72
211
6
19
119
107
98
229
101
94
177
215
90
148
64
35
43
102
147
216
9
127
39
114
2
199
254
199
61
69
14
21
240
165
69
44
76
247
123
113
173
118
126
233
30
38
163
12
238
2
112
84
194
95
169
158
29
47
222
82
203
147
210
116
124
107
48
43
77
40
68
94
130
217
249
178
231
72
32
50
187
52
153
133
242
44
58
43
29
222
21
216
211
36
50
16
232
26
246
14
127
211
149
151
102
131
30
206
96
147
168
156
46
13
52
165
188
139
110
74
155
239
46
215
60
205
194
76
151
7
177
114
223
64
244
181
217
203
23
127
66
84
8
167
107
131
123
48
218
160
192
150
234
32
131
61
73
70
144
241
188
64
140
140
55
80
47
105
118
242
101
159
174
137
76
201
202
48
86
204
75
138
186
84
58
94
117
106
178
80
112
242
125
96
0
225
169
84
87
134
153
94
168
35
201
240
114
145
58
28
149
113
30
42
47
231
74
57
4
195
38
28
29
92
187
193
218
88
49
213
21
226
151
21
234
109
18
10
132
46
13
68
33
186
93
250
73
189
231
14
215
61
29
100
100
83
6
33
98
214
68
245
165
120
244
162
90
138
16
164
179
59
168
95
189
111
35
247
230
108
250
7
187
23
66
144
223
117
192
140
149
163
112
95
173
118
110
241
150
32
129
200
72
223
69
119
222
79
46
174
68
16
248
244
79
155
76
224
85
125
180
171
55
109
127
83
14
29
253
176
39
73
2
246
188
238
136
151
255
18
171
15
204
154
31
254
87
36
130
9
85
29
204
202
217
14
240
182
114
211
153
254
57
57
142
8
174
5
106
97
157
149
110
203
97
163
36
251
176
9
100
79
195
38
145
246
222
208
229
173
222
241
135
219
159
33
3
179
127
5
73
105
68
167
126
82
228
244
71
28
93
134
17
1
245
234
160
24
183
210
117
169
118
222
37
152
254
145
202
228
222
97
118
199
79
136
156
144
59
108
96
71
149
64
100
212
104
21
10
247
57
210
79
218
54
121
60
167
65
44
182
155
38
28
21
35
86
129
35
65
142
189
212
83
36
50
221
91
195
220
200
117
15
212
191
107
71
159
198
105
16
130
156
166
11
226
229
28
128
90
106
161
55
141
183
100
8
72
2
214
12
178
246
223
120
117
165
0
161
172
113
158
4
10
175
127
3
113
189
111
251
234
81
228
184
194
149
77
183
145
217
97
195
188
204
188
86
249
41
214
249
81
191
54
85
74
168
138
97
90
138
90
162
191
144
58
196
240
79
75
16
79
126
105
48
3
235
57
212
119
14
29
37
168
164
65
96
51
18
54
45
149
251
194
168
63
149
133
57
88
211
132
21
169
124
11
24
72
57
91
212
155
38
198
21
239
237
19
178
12
174
213
54
206
182
129
234
99
189
247
143
223
176
9
30
86
212
14
243
115
118
66
64
165
208
37
133
107
202
15
36
39
107
35
92
137
78
177
46
208
172
168
194
49
9
3
155
208
49
192
150
28
183
136
45
2
124
248
225
182
42
149
72
192
94
96
12
222
88
160
254
21
145
254
85
78
177
128
226
182
61
59
37
227
45
244
90
63
61
111
120
33
9
112
19
180
114
153
151
250
151
170
13
81
10
53
140
210
32
84
25
95
26
232
203
113
155
209
215
114
197
29
174
104
144
136
8
15
37
38
97
182
213
225
77
245
227
13
246
16
8
76
214
211
70
163
112
220
2
244
15
216
212
134
89
90
130
224
243
96
141
93
57
207
164
79
114
252
56
69
125
29
35
159
149
180
67
164
137
183
114
185
175
228
188
192
152
162
128
202
233
202
97
108
94
95
112
238
62
63
254
112
109
154
245
101
78
169
54
243
167
45
80
27
139
61
118
57
135
89
160
50
232
118
152
155
119
23
130
35
209
14
23
88
211
126
0
26
85
91
205
98
121
190
213
159
182
197
15
190
98
20
12
140
14
8
214
196
172
81
104
11
225
226
3
179
53
3
69
194
214
60
51
114
6
18
222
175
220
241