128
0
0
0
160
243
193
255
50
89
190
180
59
79
241
127
23
64
110
100
69
54
107
231
141
81
122
171
13
107
62
183
25
11
52
62
54
144
153
119
55
186
171
69
94
127
247
223
160
16
155
85
155
204
232
189
13
13
135
96
203
27
239
73
27
156
172
140
137
102
119
172
141
236
75
177
67
10
210
21
25
80
192
199
86
152
116
90
66
253
169
92
208
151
255
26
212
98
136
103
7
89
187
103
33
250
112
40
254
27
45
79
14
149
208
149
200
184
188
149
212
125
187
102
244
231
158
38
33
205
205
251
112
66
72
75
248
149
18
191
254
120
67
23
97
116
240
237
224
107
204
33
208
95
8
21
255
184
133
141
38
234
170
52
148
145
242
54
163
59
229
172
187
220
65
52
24
31
93
27
108
207
92
42
197
131
228
215
79
197
111
150
136
132
162
137
71
245
56
5
58
11
154
239
139
247
182
1
196
70
245
194
181
170
206
64
249
161
217
209
142
111
186
38
166
163
249
147
81
63
111
161
90
87
201
217
211
41
203
18
193
250
179
69
172
148
187
212
92
57
242
124
49
222
13
141
76
232
88
104
214
206
121
108
184
204
43
252
124
75
146
96
109
96
77
18
175
231
191
68
87
140
29
127
24
162
108
1
34
174
176
136
197
216
16
46
47
205
130
187
253
195
160
144
201
29
48
192
78
121
137
221
23
98
229
219
232
177
2
138
128
170
12
70
236
168
165
200
207
177
113
31
255
50
9
68
230
210
35
146
98
202
196
229
245
243
247
3
123
146
8
166
130
123
7
217
233
47
138
246
214
236
122
203
189
77
32
85
215
109
209
174
144
179
81
93
32
98
220
195
26
38
19
216
224
220
96
86
110
94
141
159
4
47
120
96
31
184
70
224
116
101
60
175
198
61
208
223
90
93
84
180
35
73
162
58
58
54
186
81
245
206
186
45
201
138
62
246
218
5
16
59
205
31
68
138
82
15
149
151
200
199
58
239
75
210
14
78
254
6
104
225
188
37
239
254
145
243
207
113
116
89
101
72
147
7
177
123
95
66
215
49
92
251
215
122
158
64
34
171
106
55
249
35
239
161
168
2
236
244
71
60
103
14
176
241
189
5
42
150
247
81
127
41
119
254
224
142
39
187
88
236
2
48
124
202
91
168
156
29
142
255
74
139
149
152
36
116
105
116
42
207
33
64
223
162
153
127
226
183
74
40
114
187
158
152
32
243
30
126
45
213
222
52
218
87
36
176
28
237
58
220
30
251
75
133
150
110
131
30
228
104
150
137
182
46
13
190
181
151
143
238
75
57
235
139
214
36
89
68
68
199
36
183
50
223
226
240
128
249
225
147
253
138
84
9
165
239
131
81
53
235
128
234
214
108
40
131
22
65
134
145
83
189
65
172
190
115
86
165
57
116
240
229
159
36
136
73
232
248
244
210
196
11
169
186
80
59
252
113
107
146
72
244
112
45
32
41
229
109
85
245
138
56
126
154
103
207
226
98
177
56
156
149
83
19
31
15
213
78
185
156
131
5
30
93
92
147
193
218
248
59
197
17
234
151
52
232
109
18
128
128
42
44
118
97
60
85
170
96
189
103
15
117
60
137
68
100
19
0
107
98
220
78
241
164
248
248
147
91
184
128
34
49
123
139
95
57
111
11
255
66
237
240
7
187
71
66
144
209
181
192
174
157
167
81
71
185
114
36
177
180
34
129
200
202
211
213
87
244
159
174
102
84
59
250
52
78
179
73
229
84
125
176
43
181
109
84
81
14
28
85
180
134
105
40
246
60
60
216
148
241
22
171
45
196
158
62
230
67
32
200
73
119
31
204
202
91
2
96
150
88
3
25
54
41
18
140
200
175
45
111
100
156
149
106
75
227
163
15
249
176
8
204
78
83
39
163
34
222
64
229
135
220
177
134
219
159
33
3
179
127
5
73
105
68
167
126
82
228
244
71
28
93
134
17
1
245
234
160
24
183
210
117
169
118
222
37
152
254
145
202
228
222
97
246
195
75
137
132
20
185
126
32
69
151
68
100
246
101
176
43
197
233
82
135
154
31
115
188
166
105
41
38
154
20
28
149
97
6
162
41
197
142
159
217
246
5
0
13
219
11
156
225
127
143
213
21
111
115
159
236
173
148
210
204
175
3
166
228
156
140
254
107
147
103
15
101
36
1
66
70
215
166
182
87
255
82
225
35
200
161
172
125
30
4
42
175
239
162
73
189
239
113
186
121
224
124
195
191
69
130
145
243
113
199
116
140
181
92
121
40
86
245
245
190
4
5
200
122
202
104
80
206
91
8
187
49
26
238
100
201
131
16
79
114
233
48
35
235
169
117
79
14
157
175
248
140
69
164
50
154
63
140
181
209
146
170
189
213
134
57
220
211
132
21
60
124
11
216
76
105
91
254
145
230
199
23
226
237
51
152
8
46
221
38
206
176
1
234
201
185
99
15
213
240
15
156
86
213
10
183
115
254
75
225
133
250
117
135
233
138
12
36
163
107
35
92
28
78
177
238
212
252
168
232
59
201
2
153
221
49
224
188
24
55
128
61
2
122
120
225
28
46
1
200
202
30
102
142
222
89
164
186
21
19
247
240
207
187
64
102
126
125
56
45
99
45
244
90
58
60
111
108
37
9
112
51
182
114
153
159
242
146
171
21
69
142
231
140
248
46
20
25
117
23
216
74
81
143
213
205
114
196
23
174
104
186
136
57
174
5
178
231
172
213
225
77
53
227
175
242
132
40
84
146
85
70
227
115
210
6
244
175
217
117
134
65
26
4
250
243
64
137
93
57
71
173
238
210
196
124
195
103
93
1
153
145
180
105
172
41
183
88
169
43
102
172
234
152
162
129
104
237
106
65
70
26
217
232
238
21
55
186
113
69
146
196
101
78
237
48
243
183
6
94
91
138
53
115
172
39
97
164
50
224
38
155
157
179
23
2
47
112
142
55
8
209
52
64
18
91
159
204
106
124
187
244
135
182
69
95
190
104
30
204
141
164
12
226
228
134
5
234
147
225
200
5
243
52
33
72
82
87
46
55
114
132
82
246
173
152
240
45
123
191
5
0
99
237
65
9
50
97
165
250
242
233
77
227
45
141
132
209
129
148
207
232
157
181
89
252
41
84
104
101
148
118
128
204
172
218
98
87
234
90
160
46
16
123
238
114
77
211
65
230
116
233
145
3
167
169
94
15
129
27
59
184
165
72
4
51
178
166
156
213
227
20
168
111
196
36
63
249
210
6
208
159
159
75
199
196
125
11
117
146
215
231
15
46
239
82
216
173
160
73
103
103
180
144
234
105
117
101
157
183
21
15
192
71
213
7
163
115
228
210
241
125
136
219
131
123
154
38
43
22
106
185
157
63
183
225
250
86
168
249
227
52
204
34
129
81
181
147
236
156
185
212
124
1
122
232
97
182
162
129
146
248
217
104
22
207
243
168
11
20
51
42
114
95
195
75
98
240
109
144
46
87
12
68
139
8
93
47
185
171
13
33
56
187
178
153
175
115
22
114
127
238
132
59
220