128
0
0
0
160
243
193
255
50
89
177
67
15
70
181
57
192
70
221
22
155
116
158
66
85
160
253
208
151
111
28
20
114
136
109
7
89
49
99
37
219
66
104
120
19
125
102
14
21
209
55
201
44
156
149
148
123
241
102
254
237
154
39
161
193
252
250
66
210
206
201
184
182
18
59
254
208
74
182
97
116
96
235
32
123
204
43
208
95
130
17
251
153
183
205
160
226
250
29
148
17
243
148
162
175
197
172
251
218
11
52
18
21
89
26
236
195
109
43
247
19
98
85
15
230
111
18
136
44
171
40
71
245
168
3
250
27
154
229
139
247
60
5
192
103
199
130
51
162
158
105
249
33
216
115
143
251
154
38
230
165
179
147
91
53
107
160
218
91
248
216
225
185
77
144
129
217
179
193
172
60
178
117
92
57
98
122
241
206
13
135
76
232
210
108
210
239
75
44
62
196
123
213
124
203
147
194
108
244
109
18
239
225
245
68
93
134
25
126
152
174
93
0
16
62
54
10
133
251
16
170
47
101
139
26
253
195
48
150
9
13
48
202
78
121
3
217
19
67
215
155
110
185
82
163
128
42
13
228
237
60
133
200
143
183
59
31
245
56
13
69
102
222
18
147
80
90
66
103
181
208
247
135
123
58
1
7
130
123
151
223
41
63
138
252
214
236
240
207
185
108
18
21
81
101
129
135
144
51
80
255
33
246
252
195
90
32
89
216
234
214
100
87
238
82
188
158
54
191
254
226
95
155
70
100
116
205
53
14
198
61
64
217
154
77
84
190
35
73
40
62
62
23
136
17
115
198
234
4
201
10
63
94
219
164
16
59
153
29
20
218
123
7
209
150
66
206
11
206
75
150
136
30
190
5
96
229
188
37
239
110
144
243
27
113
36
89
111
64
83
6
187
126
90
99
229
33
88
33
199
80
150
128
34
33
99
3
89
27
171
167
34
66
238
244
199
60
103
11
176
209
151
81
168
20
247
123
121
105
118
86
225
187
39
163
8
110
24
48
93
192
95
168
30
17
142
222
96
143
21
0
52
85
99
116
42
229
36
213
95
168
137
251
178
247
72
36
118
186
62
153
33
83
12
42
47
151
222
63
208
87
37
58
21
124
59
196
14
255
1
149
150
96
199
30
236
104
2
137
182
62
9
190
181
150
129
234
75
147
234
186
246
14
205
66
158
151
6
183
54
223
106
249
177
88
217
3
123
192
20
33
171
43
130
241
57
218
161
242
134
238
232
147
54
75
134
145
113
176
113
141
140
99
210
61
121
119
240
165
159
44
128
76
233
224
224
86
22
11
131
180
16
59
118
120
203
178
80
52
116
111
32
9
227
109
85
255
143
56
94
168
179
207
48
98
145
48
28
149
251
26
46
14
213
10
191
12
147
15
28
157
93
153
196
74
121
41
17
145
186
215
29
226
109
19
138
133
47
13
68
113
56
143
186
74
181
167
15
245
53
45
69
78
71
2
243
98
220
64
181
164
114
241
162
122
184
196
164
97
59
136
87
61
111
1
255
231
204
232
3
187
13
82
176
223
241
192
36
145
167
209
77
57
240
116
177
181
32
133
200
224
214
228
119
222
223
40
110
84
16
242
244
79
17
72
228
116
79
244
45
63
61
86
83
142
28
95
177
179
105
2
182
186
164
136
157
245
22
170
133
192
158
62
212
23
162
26
89
92
27
204
203
123
10
197
150
88
87
27
54
57
56
140
140
174
47
111
80
189
191
46
77
105
163
15
243
112
8
100
79
86
38
163
242
222
16
181
165
214
117
134
81
150
37
2
171
175
5
83
121
110
163
250
83
238
249
211
60
119
146
149
9
229
235
168
156
183
114
116
156
119
198
37
152
254
193
200
236
158
97
118
199
218
136
174
148
59
172
48
79
157
196
101
252
101
180
10
247
125
84
93
154
63
123
248
166
233
37
23
155
38
140
19
227
70
129
41
65
142
55
208
87
5
0
157
221
203
140
225
117
143
213
21
106
71
31
204
173
20
80
156
172
1
98
228
28
136
250
106
139
227
141
119
100
3
64
66
215
132
187
242
222
96
49
163
0
225
133
119
158
5
2
170
127
163
123
189
111
51
234
90
234
248
195
157
72
39
176
193
161
71
188
204
156
86
249
41
244
241
85
30
36
69
78
178
154
97
88
14
90
136
183
0
27
220
244
79
1
80
108
114
109
48
139
226
8
117
79
158
155
111
232
140
79
164
50
178
58
28
180
227
146
42
255
133
165
51
88
211
166
24
153
93
57
8
204
161
27
215
155
102
198
63
231
125
50
170
8
174
159
118
237
186
133
234
235
180
198
46
231
32
143
84
22
252
0
55
114
214
78
113
132
200
117
7
171
218
47
46
39
107
163
80
45
79
131
126
82
126
232
203
59
77
2
49
212
144
224
188
136
49
64
45
2
112
120
225
150
42
5
233
248
94
224
134
142
112
164
58
20
185
246
240
79
177
132
98
172
125
50
39
227
44
116
86
158
61
93
60
167
219
48
58
188
54
152
53
246
51
139
63
209
8
47
140
248
34
148
25
85
23
72
235
105
143
85
71
34
236
19
106
105
144
128
12
174
47
162
227
100
149
232
71
181
226
39
254
180
137
108
70
213
12
163
122
216
198
245
5
221
65
166
107
78
134
98
243
106
143
29
56
101
160
126
83
214
120
195
229
29
41
155
213
181
233
160
136
55
120
249
41
44
236
226
150
102
128
96
232
111
96
94
26
89
184
238
31
61
122
112
239
150
240
69
100
185
178
107
183
44
88
27
139
23
126
60
166
115
160
50
98
102
179
159
247
22
130
35
209
14
23
88
211
126
0
26
85
91
205
98
121
190
213
159
182
197
15
190
98
20
12
140
14
8
214
196
172
81
104
11
225
226
3
179
53
3
69
194
214
60
51
114
6
18
222
175
220
241
175
119
142
132
10
39
107
217
73
58
103
225
251
250
236
77
195
53
153
0
129
129
190
199
40
156
23
85
205
8
102
40
99
222
118
128
196
172
219
106
87
74
90
146
62
20
227
174
91
69
151
64
76
120
121
176
3
99
45
14
79
137
21
63
185
13
73
5
51
152
246
30
87
163
29
164
43
197
46
58
105
243
52
208
159
29
75
237
196
61
10
215
158
227
199
61
122
237
24
216
141
170
73
102
231
189
161
235
67
33
231
79
231
54
11
4
71
85
6
55
211
246
2
113
175
136
250
129
63
154
6
35
135
106
139
201
61
47
177
248
80
172
249
105
61
104
3
179
17
51
3
252
151
185
84
125
137
115
73
193
142
230
7
136
184
251
110
18
207
217
160
171
20
25
58
246
221
211
97
98
240
108
50
42
247
44
110
207
142
197
47
146
163
73
32
16
179
131
153
175
55
16
114
111
197
138
123
221
243
45
145
57
77
155
204
152
57
11
219
19
99
239
19
250
233
58
12
140
244
29
101
237
252
132
66
75
4
227
7
35
54
25
20
77
209
130
179
210
219
242
212
181
12
115
199
43
155
8
102
162
97
130
221
56
85
33
250
138
188
211
201
57
77