128
0
0
0
160
243
193
255
50
89
161
90
82
93
121
243
185
77
8
129
249
179
129
172
60
178
117
92
57
98
122
241
206
13
135
76
232
210
108
210
239
75
44
62
196
123
213
124
203
147
194
108
244
109
18
239
225
245
68
93
134
25
126
152
174
93
0
16
62
54
10
133
251
16
170
47
101
139
26
253
195
48
150
9
13
48
202
78
121
3
217
19
67
215
155
110
185
82
163
128
42
13
228
237
60
133
200
143
183
59
31
245
56
13
69
102
222
18
147
80
90
66
103
181
208
247
135
123
58
1
7
130
123
151
223
41
63
138
252
214
236
240
207
185
108
18
21
81
101
129
135
144
51
80
255
33
246
252
195
90
32
89
216
234
214
100
87
238
82
188
158
54
191
254
226
95
155
70
100
116
205
53
14
198
61
64
217
154
77
84
190
35
73
40
62
62
23
136
17
115
198
234
4
201
10
63
94
219
164
16
59
153
29
20
218
123
7
209
150
66
206
11
206
75
150
136
30
190
5
96
229
188
37
239
110
144
243
27
113
36
89
111
64
83
6
187
126
90
99
229
33
88
33
199
80
150
128
34
33
99
3
89
27
171
167
34
66
238
244
199
60
109
11
133
241
151
69
172
14
167
88
123
41
118
92
228
187
7
145
220
110
202
48
125
200
223
168
182
24
191
223
96
203
19
144
36
95
97
180
43
101
37
212
95
168
217
121
96
183
75
44
54
187
22
145
129
211
52
46
47
87
158
55
218
211
36
176
28
120
58
220
222
255
27
133
188
100
67
31
230
101
150
169
156
42
141
182
165
151
137
110
75
51
235
143
247
22
205
66
158
199
4
191
118
223
98
252
177
248
211
3
123
8
20
42
165
107
131
249
60
74
128
234
70
106
232
147
22
75
134
145
217
185
69
141
140
51
208
173
105
93
240
101
158
164
137
72
232
248
164
80
22
75
170
178
16
58
212
121
110
147
98
244
112
229
112
0
227
109
84
245
138
56
126
154
103
207
226
98
177
56
156
149
83
19
31
15
213
78
185
156
131
5
30
93
92
25
197
75
121
41
65
19
104
151
30
234
45
18
128
141
26
173
124
101
188
215
186
75
189
103
14
221
56
40
100
78
19
128
185
50
223
64
245
164
218
240
151
122
160
148
38
123
59
169
93
57
111
131
243
231
237
194
7
59
149
66
145
213
241
192
132
144
163
208
85
173
118
166
241
157
46
193
201
64
218
213
86
198
143
170
174
68
48
248
244
79
51
69
212
85
125
228
169
167
125
85
83
206
28
117
185
35
72
26
178
186
238
200
190
249
18
170
167
205
10
30
204
131
36
18
9
127
31
140
203
217
14
240
182
114
211
153
254
57
57
142
8
174
5
106
97
157
149
110
203
97
163
36
251
176
9
198
78
87
6
145
182
216
154
229
167
212
245
134
121
147
133
34
129
255
7
83
105
110
165
190
82
238
249
231
60
69
146
149
145
165
195
174
220
182
250
125
12
119
222
33
24
228
209
195
230
222
96
246
203
238
136
174
212
189
190
32
110
157
4
101
252
96
32
170
215
61
210
215
218
54
121
188
167
65
44
182
155
38
28
21
35
86
129
35
65
142
189
212
83
36
50
221
91
195
220
200
117
15
212
183
107
211
63
204
237
18
26
156
166
11
102
229
22
128
250
74
185
39
137
253
116
8
68
70
214
4
178
98
223
120
101
161
0
161
173
127
154
4
0
170
222
130
99
253
105
121
186
82
232
188
194
29
68
131
177
193
53
193
254
220
183
94
249
40
92
240
192
190
46
69
78
226
154
97
84
206
90
170
191
4
58
196
224
75
75
16
78
112
109
48
9
238
152
85
101
78
27
167
248
167
77
100
51
154
63
25
181
227
150
170
125
133
142
49
88
210
172
24
157
124
11
156
202
123
27
247
147
34
198
191
235
76
51
152
152
40
29
54
206
186
1
234
67
189
103
46
231
176
137
148
6
252
10
55
114
92
74
117
165
250
53
129
163
138
6
46
167
106
35
84
41
78
155
250
208
108
168
201
57
73
2
19
217
53
193
142
88
177
136
109
43
122
248
224
190
47
149
232
202
94
96
196
222
83
174
190
20
155
251
85
110
131
84
226
100
61
27
45
99
45
214
82
62
157
125
124
33
19
96
51
180
246
153
181
250
2
138
13
65
142
173
204
219
34
16
25
253
30
233
235
105
31
83
135
50
236
25
106
105
26
132
8
143
29
226
101
108
197
193
71
53
227
141
255
180
9
102
130
209
222
163
112
210
70
244
133
209
229
167
89
30
4
176
179
99
133
89
57
207
164
223
115
252
236
69
45
29
41
151
85
181
201
160
24
150
64
249
169
166
188
202
146
162
129
232
225
206
64
116
74
91
58
174
28
61
254
112
239
150
101
69
100
121
182
59
183
6
82
219
138
21
115
60
134
89
164
178
106
118
179
153
119
22
40
39
69
142
29
24
213
252
0
27
81
31
205
234
112
31
245
181
230
199
141
254
97
20
136
140
14
8
67
196
172
145
108
91
225
200
9
115
52
1
72
194
246
22
55
242
14
2
222
169
92
241
5
115
26
4
0
103
109
91
73
59
99
165
251
122
229
120
67
21
77
0
155
193
189
199
40
156
23
85
205
8
102
40
99
222
118
128
196
172
219
106
87
74
90
146
62
20
227
174
91
69
151
64
76
120
121
176
3
99
45
14
79
137
21
63
185
15
73
149
50
178
226
154
133
163
29
172
171
197
46
58
108
242
52
196
155
29
75
205
198
61
10
223
150
230
198
37
110
105
202
216
167
164
9
102
205
176
145
106
99
53
227
85
231
55
1
4
71
127
6
6
114
214
150
247
181
136
250
129
255
154
164
39
19
74
147
141
187
47
241
251
94
168
249
201
60
201
3
171
81
181
25
252
183
189
84
125
1
122
232
97
182
162
129
146
248
217
104
22
207
243
168
11
20
51
42
114
95
195
75
98
240
109
144
46
87
12
68
139
8
93
47
185
171
13
33
56
187
178
153
175
115
22
114
127
238
132
59
220
251
40
4
153
117
159
204
144
105
8
221
215
99
109
31
203
104
48
72
10
108
93
109
235
184
133
74
78
4
195
31
55
178
73
20
103
217
66
178
112
215
195
245
135
76
117
141
43
155
0
102
163
105
130
125
56
103
49
254
18
252
250
193
125
76
128
145
85
20
233
236
24
189
0
118
47
50
252
227
159
2
128
192
120
222
32
70
204
89
232
191
190
59
219
113
109
83
198
166
36
102
62
47
231
141
81
234
170
13
191
62
231
25
1
60
254
55
26
157
230
22
136
235
67
28
127
253
213
160
17
27
92
11
205
240
233
15
13
199
72
195
31
238
75
27
61
141
148
201
96
61
252
133
238
15
176
195
6
118
20
25
196
70
133
70
179
124
90
67
221
169
204
113
175
255
154
94
50
160
99
195
88
145
111
20
250
90
56
250
211
109
70
4
21
209
21
196
28
189
167
132
255
105
38
253
237
218
39
139
201
108
219
90
214
206
131
248
149
30
63
254