128
0
0
0
160
243
193
255
50
89
163
203
131
232
184
95
37
250
88
252
208
197
125
77
162
148
244
148
209
184
26
167
0
86
47
242
252
233
146
162
160
216
108
90
176
22
229
87
44
190
150
51
126
112
109
87
70
188
100
111
60
47
230
13
93
75
170
63
251
184
53
89
40
52
186
54
56
144
214
55
186
59
67
158
111
247
213
160
16
17
81
159
237
218
253
139
5
215
73
203
155
238
235
26
8
140
140
201
96
61
172
135
230
79
176
195
6
227
20
43
192
70
69
22
187
116
222
66
85
160
253
208
151
111
28
20
114
136
109
7
89
49
99
37
219
66
104
120
19
125
102
14
21
209
55
201
44
156
149
148
123
241
102
254
237
154
39
161
193
252
250
66
210
206
201
184
182
18
59
254
208
74
182
97
116
96
235
32
123
204
43
208
95
130
17
251
153
183
205
160
226
250
29
148
17
243
148
162
175
197
172
251
218
11
52
18
21
89
26
236
195
109
43
247
19
98
85
15
230
111
18
136
44
171
40
71
245
168
3
250
27
154
229
139
247
60
5
192
103
199
130
51
162
158
105
249
33
216
115
143
251
154
38
230
165
179
147
91
53
107
160
218
91
248
216
225
185
77
144
129
217
179
193
172
60
178
117
92
57
98
122
241
206
13
135
76
232
210
108
210
239
75
44
62
196
123
213
124
203
147
194
108
244
109
18
239
225
245
68
93
134
25
126
152
174
93
0
16
62
54
10
133
251
16
170
47
101
139
26
253
195
48
150
9
13
48
202
78
121
3
217
19
67
215
155
110
185
82
163
128
42
13
228
237
60
133
200
143
183
59
31
245
56
13
69
102
222
18
147
80
90
66
103
181
208
247
135
123
58
1
7
130
123
151
223
41
63
138
252
214
236
240
207
185
108
18
21
81
101
129
135
144
51
80
255
33
246
252
195
90
32
89
216
234
214
100
87
228
82
137
190
54
171
250
248
15
184
68
36
116
199
48
14
230
15
148
217
72
77
116
182
163
73
128
55
15
22
136
85
117
86
250
14
203
202
62
222
218
165
16
59
201
159
198
154
120
15
145
151
106
198
171
78
115
146
136
222
254
13
106
97
189
175
230
106
145
235
203
113
62
73
69
68
215
7
177
115
206
67
207
53
220
41
215
81
158
4
34
129
98
54
88
3
171
167
34
18
236
252
135
60
101
14
133
81
157
69
172
198
167
83
117
105
119
84
225
43
38
137
28
234
202
48
93
200
223
168
30
17
139
223
96
155
17
0
52
117
97
116
42
237
44
208
94
176
157
127
96
247
98
42
54
186
190
144
17
210
6
250
47
199
158
29
216
147
37
176
28
120
58
220
222
255
27
133
188
100
67
31
230
101
150
169
156
42
141
182
165
151
137
110
75
51
235
143
247
22
205
66
158
199
4
191
118
223
64
252
36
216
211
19
255
144
84
35
167
47
131
91
56
75
160
242
194
232
184
211
63
79
66
144
123
181
228
173
190
119
214
191
121
125
242
229
158
134
132
125
200
202
160
208
142
11
137
176
80
58
118
125
95
18
112
116
242
229
96
0
225
41
84
87
134
153
94
168
35
201
240
114
145
58
28
149
113
30
42
47
231
74
57
4
195
38
28
29
92
59
197
222
89
41
81
151
240
215
23
232
105
18
34
137
190
12
110
33
58
143
170
74
177
227
14
245
53
25
69
124
71
2
107
34
244
70
245
165
250
248
50
122
160
192
36
123
43
131
93
125
110
129
243
211
204
232
67
61
31
66
145
223
49
192
134
144
150
112
117
237
240
246
161
159
36
129
201
234
219
112
87
244
203
172
102
68
17
250
112
79
177
73
209
117
87
244
45
63
109
84
91
206
28
95
177
38
105
48
178
186
100
216
149
253
146
171
167
205
10
30
204
131
36
18
9
127
31
140
203
217
14
240
182
114
211
153
254
57
57
142
8
174
5
106
97
157
149
110
203
97
163
36
251
176
9
198
78
87
6
145
182
216
154
229
167
212
245
134
219
151
20
3
153
107
1
217
105
101
165
254
82
110
240
67
61
111
198
151
9
165
195
160
152
182
112
116
61
86
222
101
158
180
145
192
238
218
96
246
203
126
137
174
0
189
238
32
100
149
196
100
246
96
132
171
229
233
210
5
202
28
113
120
166
105
41
38
154
20
28
149
97
6
162
41
197
142
159
217
246
5
0
13
219
11
156
225
127
143
213
159
110
67
62
254
237
146
88
204
133
1
226
229
62
141
106
75
147
39
9
47
36
11
72
66
214
38
186
102
254
96
113
165
74
225
143
125
154
4
130
166
78
162
73
45
233
177
170
121
234
124
195
53
65
134
176
193
49
65
124
220
156
92
249
41
86
245
245
190
4
5
200
122
202
104
80
206
91
8
187
49
26
238
100
201
131
16
79
114
233
48
35
235
169
117
79
14
157
175
248
140
69
164
50
56
62
24
149
209
210
172
247
213
140
51
216
210
4
25
13
125
57
72
202
235
27
221
145
98
199
191
235
76
51
152
152
40
29
54
206
186
1
234
67
189
103
46
231
176
137
148
6
252
10
55
114
92
74
117
165
250
53
129
163
138
6
46
167
106
171
80
185
239
137
250
80
230
232
203
59
201
2
49
212
5
224
188
72
53
16
45
40
122
184
224
148
39
5
201
210
90
96
142
158
112
162
186
20
19
242
100
207
187
196
100
46
125
51
35
167
44
252
95
63
29
119
108
165
89
112
57
188
178
152
53
246
166
139
63
17
12
127
140
210
40
84
24
87
26
72
203
67
139
213
79
50
236
21
234
105
58
132
152
46
37
226
229
230
149
233
67
241
226
167
247
129
9
76
146
213
22
227
121
216
198
245
5
221
65
166
107
78
134
98
243
106
143
29
56
101
160
126
83
214
120
195
229
29
41
155
213
181
233
160
136
55
120
249
41
44
236
226
150
102
128
96
232
111
96
94
26
89
184
238
31
61
122
112
239
150
240
69
100
185
178
107
183
44
88
27
139
23
126
60
166
115
160
50
98
102
179
159
247
22
130
35
209
14
23
88
211
126
0
26
85
91
205
96
121
46
212
181
162
65
221
190
98
28
140
140
14
8
211
197
172
69
108
11
225
194
1
179
53
11
77
199
215
36
39
246
212
18
244
161
156
241
133
122
190
5
42
51
111
195
73
59
109
225
251
208
236
124
98
21
13
134
155
129
190
199
232
156
181
81
89
40
126
108
229
222
54
131
202
168
219
202
86
235
90
138
126
146
249
174
123
65
151
64
196
113
216
16
59
39
171
20
15
171
19
59
185
37
65
53
50
152
242
30
7
179
55
172
171
196
140
62
204
210
30
128
29
133
75
230
206
121
11
247
158
215
198
37
42
111
202
200
140
170
73
103
197
181
4
202
91
49
227
93
183
52
7
192
71
255
10
167
242
246
198
245
255
200
242
143
59
155
172
34
22
107
139
141
59
127
241
241
84
104
248
99
56
253
35
129
5
55
129
252
157
187
20
124
35
119
120
224
164
166
129
16
184
241
106
82
206