128
0
0
0
160
243
193
255
50
89
229
28
133
91
202
129
103
15
253
36
33
66
6
215
166
182
87
255
82
225
35
200
161
172
125
30
4
42
175
239
162
73
189
239
113
186
121
224
124
195
191
69
130
145
243
113
199
116
140
181
92
121
40
86
245
245
190
4
5
200
122
202
104
80
206
91
8
187
49
26
238
100
201
131
16
79
114
233
48
35
235
169
117
79
14
157
175
248
140
69
164
50
56
62
24
149
209
210
172
247
213
140
51
216
210
4
25
13
125
57
72
202
235
27
221
145
98
199
191
235
76
51
152
152
40
29
54
206
186
1
234
67
189
103
46
231
176
137
148
6
252
10
55
114
92
74
117
165
250
53
129
163
138
6
46
167
106
163
80
45
79
131
126
82
126
232
203
59
77
2
49
212
144
224
188
136
49
64
45
2
112
120
225
150
42
5
233
248
94
224
134
142
112
164
58
20
185
246
240
79
177
132
98
172
125
50
39
227
44
116
86
158
61
93
60
167
219
48
58
188
54
152
53
246
51
139
63
209
8
47
140
248
34
148
25
85
23
72
235
105
143
85
71
34
236
19
106
105
144
128
12
174
47
162
227
100
149
232
71
181
226
47
254
32
41
102
194
215
148
163
122
216
66
245
5
221
212
166
107
142
130
50
243
64
133
221
57
103
173
126
115
252
124
67
237
13
41
157
85
181
67
164
28
183
114
185
47
174
236
227
146
34
128
232
225
206
64
116
74
91
58
174
28
61
254
112
239
150
101
69
100
121
182
59
183
6
82
219
138
21
115
60
134
89
164
178
106
118
179
153
119
22
40
39
69
142
29
24
213
252
0
27
81
31
205
234
112
31
245
181
230
199
141
254
97
20
136
140
14
8
67
196
172
145
108
91
225
200
9
115
52
1
72
194
246
22
55
242
14
2
222
169
92
241
5
115
26
4
0
103
109
91
73
59
99
165
251
120
229
217
195
31
221
6
25
145
158
197
236
156
29
80
88
40
84
60
103
92
118
138
198
236
218
192
83
123
123
184
126
146
123
174
81
65
215
65
102
125
236
48
9
115
169
94
15
139
25
59
184
175
72
148
146
160
182
152
199
163
22
166
171
196
164
51
253
243
44
212
159
87
91
205
200
121
10
215
150
114
198
37
126
109
202
216
166
170
13
102
199
181
48
235
113
117
229
215
183
52
13
0
71
255
10
167
242
246
198
245
255
200
242
143
59
155
172
34
22
107
139
141
59
127
241
241
84
104
248
99
56
253
35
129
5
55
129
252
157
187
20
124
35
119
120
224
164
166
129
16
184
241
106
82
206
211
160
58
53
43
174
112
77
131
98
96
52
108
144
46
194
12
68
75
12
13
47
147
161
205
32
58
182
178
185
133
119
150
122
111
238
130
187
220
81
44
144
25
127
223
202
18
105
9
217
147
99
197
22
111
105
48
28
8
164
93
103
225
248
133
232
74
149
226
7
103
48
73
84
68
213
70
178
216
222
103
244
135
24
119
69
43
145
10
38
163
203
134
236
25
127
97
124
18
188
217
205
121
76
138
156
193
52
241
188
26
63
0
86
47
114
252
233
146
162
160
216
108
90
176
22
229
87
44
190
150
51
126
112
109
87
70
188
100
111
60
47
230
13
93
75
170
63
251
184
53
89
40
52
186
54
50
144
227
23
162
235
67
132
127
221
211
36
17
27
92
11
205
240
233
15
13
199
72
195
31
238
75
27
61
141
148
201
96
61
252
133
238
15
176
195
6
118
20
25
196
70
133
70
179
124
90
67
223
169
249
209
143
191
28
14
98
162
105
131
88
59
110
177
251
104
124
252
27
109
103
6
145
209
151
200
25
157
141
148
123
241
54
252
229
218
39
161
193
105
250
112
214
206
9
232
190
26
191
255
248
71
23
97
116
36
109
50
59
197
41
20
94
42
24
90
153
183
93
166
34
234
29
158
17
243
30
166
171
228
158
187
92
3
100
59
21
217
27
78
194
249
11
247
83
100
31
15
236
101
22
137
44
163
29
71
223
188
7
106
27
187
231
11
247
182
1
196
70
245
194
181
170
206
64
249
161
217
209
142
111
186
38
166
163
249
147
81
63
111
161
90
87
201
217
211
41
203
18
193
250
179
69
172
30
186
228
253
43
178
122
187
222
39
143
8
233
250
105
66
238
121
44
190
134
43
246
118
79
147
224
97
81
76
32
63
97
61
4
116
140
153
127
176
171
205
1
34
62
182
72
213
216
26
46
47
71
134
191
220
241
224
22
193
77
25
192
206
120
43
220
131
66
229
155
238
251
2
128
138
174
13
198
224
153
164
250
95
55
243
95
220
50
141
68
78
219
130
146
98
90
194
37
229
243
253
3
123
186
13
54
131
73
7
89
171
127
169
252
82
236
88
198
24
108
18
133
87
165
145
135
154
51
80
117
37
242
221
241
26
166
81
136
195
214
228
86
76
83
40
190
54
255
248
168
95
145
76
96
117
77
57
63
199
15
208
95
24
13
119
190
167
73
128
55
159
23
136
129
117
6
250
4
195
10
63
212
223
160
49
9
217
155
28
138
82
7
81
151
224
207
159
238
75
214
142
84
190
15
106
225
189
173
227
203
49
203
15
245
62
25
76
64
83
6
19
119
110
99
229
113
90
177
215
122
150
64
35
169
106
7
88
3
239
161
34
2
199
242
199
61
101
14
133
81
157
69
172
198
167
83
117
105
119
84
225
43
38
137
28
234
202
48
93
200
223
168
30
17
139
223
96
155
17
0
52
117
97
116
42
237
44
208
94
176
157
127
96
247
98
42
54
186
30
148
129
115
62
46
47
159
158
60
212
147
37
184
25
232
27
196
30
123
27
133
156
100
67
31
78
108
162
169
156
122
143
38
181
189
137
174
74
187
226
139
246
14
137
68
158
135
45
185
118
222
106
249
177
88
217
3
123
192
20
33
171
43
130
241
57
218
161
242
134
238
232
147
54
75
134
145
113
176
113
141
140
99
210
61
121
119
240
165
159
44
128
76
233
224
224
86
22
11
131
180
16
59
214
124
91
19
104
224
116
55
32
40
239
109
85
245
138
56
126
154
103
207
226
98
177
56
156
149
83
19
31
15
213
78
185
156
131
5
30
93
92
25
197
75
121
41
65
19
104
151
30
234
45
18
138
141
138
12
110
117
184
197
250
73
179
163
14
117
52
141
229
110
151
130
185
34
213
68
177
165
218
240
163
122
146
148
38
227
123
129
91
121
110
11
250
119
237
218
3
187
143
82
154
223
177
193
12
153
2
112
109
233
240
188
177
191
40
197
201
106
210
117
86
236
159
46
44
84
26
248
244
78
145
65
116
117
87
160
47
63
125
126
91
138
29
93
177
18
72
26
246
188
238
216
149
247
82
171
15
204
15
31
204
83
36
66
89
93
21
72
203
81
7
193
23
74
67
31
180
121
17
128
204
175
165
102
80
188
141
62
73
161
179
4
241
176
9
228
67
103
39
163
166
92
2
165
164
212
181
134
113
155
128
35
153
235
131
129
105
68
171
254
82