128
0
0
0
160
243
193
255
50
89
248
99
61
252
131
161
85
181
203
188
180
177
16
125
137
115
217
192
142
50
7
216
184
241
102
210
206
83
164
58
53
43
122
240
159
211
107
104
240
109
178
35
103
45
118
155
140
197
111
186
171
77
33
18
179
34
184
183
119
22
56
63
205
136
63
220
115
33
53
56
77
15
74
218
41
32
211
19
98
207
19
106
72
2
12
12
126
77
77
233
56
133
104
67
49
227
45
51
50
209
84
68
219
2
178
82
215
86
213
135
92
241
21
107
146
2
34
163
203
134
124
24
127
181
124
66
188
211
197
185
77
10
157
85
148
209
40
28
103
16
86
37
242
252
99
150
166
129
234
44
220
184
70
204
87
172
191
52
50
234
80
109
23
64
246
100
101
54
43
231
141
81
122
171
13
107
62
183
25
11
52
62
54
144
153
119
55
186
171
69
94
127
247
223
160
16
155
85
155
204
232
189
13
13
135
96
203
27
239
73
27
156
172
140
137
102
119
172
141
236
75
177
67
10
210
21
25
80
192
199
86
152
116
90
66
253
169
92
208
151
255
26
212
98
136
103
7
89
187
103
33
250
112
40
254
27
45
79
14
149
208
149
200
184
188
149
212
125
187
102
244
231
158
38
33
205
205
251
112
66
72
75
248
149
18
191
254
120
67
23
97
116
240
237
224
107
204
33
208
95
8
21
255
184
133
141
38
234
170
52
148
145
242
54
163
59
229
172
187
220
65
52
24
31
93
27
108
207
92
42
197
131
228
215
79
197
111
150
136
132
162
137
71
245
56
5
58
11
154
239
139
247
182
1
196
70
245
194
181
170
206
64
249
161
217
209
142
111
186
38
166
163
249
147
81
63
111
161
90
87
201
217
211
41
203
18
193
250
179
69
172
148
187
212
92
57
242
124
49
222
13
141
76
232
88
104
214
206
121
108
184
204
43
252
124
75
146
106
109
85
109
18
187
227
165
20
116
142
93
127
18
167
108
33
16
122
176
90
197
248
24
174
47
101
139
138
252
195
228
150
89
13
58
194
142
120
9
220
22
98
229
139
106
99
66
137
136
234
13
110
228
8
37
240
203
177
177
95
247
56
141
69
108
219
39
147
122
26
196
255
229
217
243
135
122
152
5
50
162
81
19
93
225
63
139
254
82
236
218
202
136
76
56
85
215
109
129
172
152
243
81
85
37
98
124
201
26
38
219
216
235
210
32
87
102
91
29
190
28
239
252
96
31
152
70
224
116
205
53
155
198
61
128
221
202
77
126
180
227
72
42
51
62
55
162
21
243
206
250
4
207
138
63
84
219
160
49
9
13
27
206
218
91
15
149
150
194
194
58
207
121
6
14
156
254
38
96
97
188
141
230
207
144
243
139
119
228
73
111
74
83
6
49
122
94
66
215
97
222
41
151
121
150
0
35
161
98
2
89
27
251
37
240
2
237
252
135
61
79
3
181
208
189
81
168
220
167
82
127
105
119
86
225
187
39
163
8
110
24
48
93
192
95
168
30
17
142
222
96
143
21
0
52
85
99
116
42
111
32
68
222
186
13
249
48
247
98
38
54
186
62
148
17
210
6
46
175
21
206
20
208
87
36
146
17
221
27
238
14
127
211
197
149
110
195
30
206
96
6
168
174
42
13
244
245
180
131
234
75
27
230
31
246
60
205
194
76
151
7
179
114
223
64
244
181
217
203
23
127
66
84
8
167
107
131
123
48
218
160
192
150
234
32
131
61
73
70
144
241
188
64
140
140
55
80
47
105
118
242
101
159
12
141
233
200
210
164
208
196
27
169
188
20
58
252
113
95
146
122
244
112
181
96
1
227
45
84
125
131
168
126
130
99
79
248
114
186
50
220
148
211
31
43
15
213
14
63
142
147
36
30
157
92
147
196
78
88
27
133
151
96
215
61
234
41
19
40
137
139
44
118
241
58
149
186
96
183
103
15
255
56
141
101
86
83
134
99
50
245
78
113
165
90
249
7
123
184
192
36
123
123
129
85
61
110
1
247
66
205
194
195
191
205
82
155
213
177
193
46
148
55
80
95
237
112
36
241
156
42
133
201
200
211
116
118
236
223
168
44
4
51
248
112
79
51
69
65
85
125
36
173
247
125
127
89
14
29
253
181
19
201
34
246
60
108
216
148
253
214
171
15
204
154
31
254
87
36
130
9
85
29
204
202
217
14
240
182
114
211
153
254
57
57
142
8
174
5
106
97
157
149
110
203
97
163
36
251
176
9
198
78
87
6
145
182
216
154
229
167
212
245
134
91
147
16
2
129
239
131
203
41
103
167
250
82
76
253
230
28
93
22
23
193
229
234
170
24
183
88
113
173
87
236
101
30
246
193
227
228
94
96
118
199
79
136
156
144
59
108
96
71
149
64
100
212
104
21
10
247
57
210
79
218
54
121
60
167
65
44
182
155
38
28
21
35
86
129
35
65
142
189
212
83
36
50
221
91
195
220
200
117
15
212
183
107
211
63
204
237
18
26
156
166
11
102
229
28
128
207
106
161
247
137
231
100
34
66
194
215
14
191
246
255
82
113
37
8
177
172
119
30
4
160
171
235
131
123
253
105
121
234
80
224
252
194
21
68
130
17
249
181
195
166
140
191
86
249
41
214
249
81
191
54
85
74
168
138
97
90
138
90
162
191
144
58
196
240
79
75
16
79
126
105
48
3
235
57
212
119
14
29
37
168
164
65
96
51
18
54
45
149
251
194
168
63
149
133
57
88
211
132
21
169
124
11
24
72
57
91
212
155
38
198
21
239
237
19
178
12
174
213
54
206
182
129
234
99
189
247
143
223
176
9
30
86
212
14
243
115
118
66
64
165
208
37
133
107
202
15
36
39
107
35
92
137
78
177
46
208
172
168
194
49
9
3
155
208
49
192
150
28
183
136
45
2
124
248
225
182
42
149
72
192
94
96
12
222
88
160
254
21
147
254
197
79
155
148
102
100
61
59
45
99
45
244
90
58
60
111
108
37
9
112
51
182
114
153
159
242
146
171
21
69
142
231
140
248
46
20
25
117
23
216
74
81
143
213
205
114
196
23
174
104
184
136
169
175
47
166
99
126
213
225
69
181
227
175
242
129
41
84
134
81
70
227
83
208
6
244
167
209
112
135
89
14
128
40
243
106
135
29
57
109
160
222
83
228
104
199
125
93
0
147
145
180
67
172
24
22
120
61
173
124
172
234
152
98
129
202
233
254
97
94
94
95
232
174
22
57
190
113
229
147
101
101
86
173
182
233
183
38
90
91
138
189
122
13
135
89
224
180
250
102
185
155
183
23
40
39
208
142
29
24
85
182
80
56
91
159
205
200
120
27
212
173
242
195
199
190
67
22
136
140
140
4
211
228
134
65
236
147
241
227
11
179
53
41
77
199
247
22
51
114
140
2
245
171
92
240
175
119
142
132
10
39
107
217
73
58
103
225
251
250
236
77
195
53
153
0
129
129
190
199
40
156
23
85
205
8
102
40
99
222
118
128
196
172
219
106
87
74
90
146
62
20
227
174
91
69
151
64