128
0
0
0
160
243
193
255
50
89
232
122
96
231
79
107
44
190
30
43
214
118
15
147
224
97
81
76
32
63
97
61
4
116
140
153
127
176
171
205
1
34
62
182
72
213
216
26
46
47
71
134
191
220
241
224
22
193
77
25
192
206
120
43
220
131
66
229
155
238
251
2
128
138
174
13
198
224
153
164
250
95
55
243
95
220
50
141
68
78
219
130
146
98
90
194
37
229
243
253
3
123
24
12
162
163
73
71
95
225
127
163
246
86
237
216
202
41
109
32
21
209
39
209
164
154
183
80
221
44
83
221
241
138
160
145
152
195
220
228
86
198
87
44
159
4
191
126
160
15
184
76
224
116
239
56
171
231
15
144
89
82
13
125
180
163
72
0
59
174
22
186
17
243
132
186
39
195
142
63
124
214
1
49
9
73
157
220
154
82
13
81
151
106
203
155
207
121
150
8
92
238
38
106
97
188
7
226
203
177
193
203
241
236
25
70
74
211
7
147
123
202
98
215
33
216
99
151
115
156
4
34
3
110
166
120
41
123
39
234
2
199
254
71
61
69
14
21
240
165
69
44
76
247
123
113
173
118
126
233
30
38
163
12
238
2
112
84
194
95
169
158
29
47
222
82
203
147
210
116
124
107
48
43
71
40
113
126
154
9
249
168
247
98
38
182
186
62
148
17
210
6
46
175
21
206
20
208
87
36
146
17
221
27
238
14
127
211
197
149
110
195
30
206
96
6
168
174
42
13
244
245
180
131
234
75
17
230
42
214
36
29
194
86
135
45
181
246
222
74
249
33
249
225
3
251
74
68
9
175
239
131
219
49
239
161
216
150
234
32
211
63
65
6
144
241
188
213
140
190
51
80
239
57
126
250
225
158
134
132
237
201
202
116
208
222
11
131
184
144
59
246
124
203
178
80
224
244
189
112
0
235
169
84
221
130
157
127
154
99
79
248
34
184
58
156
148
217
31
139
47
231
30
59
84
147
15
20
89
93
177
204
239
120
41
21
17
160
151
20
224
109
18
40
137
27
45
118
37
58
197
186
106
191
167
14
245
61
136
68
100
67
130
185
34
223
70
177
165
208
240
51
219
128
132
34
241
59
131
85
189
110
139
246
115
204
240
7
187
71
66
144
211
181
192
174
157
167
81
71
185
114
36
177
180
34
129
200
202
211
213
87
244
159
174
102
84
59
250
52
78
187
76
112
244
69
180
43
189
61
87
87
202
28
215
184
18
73
40
230
184
38
200
158
245
146
170
143
192
62
30
204
7
166
80
73
92
23
136
203
115
10
81
150
88
71
31
54
57
57
130
136
174
133
110
97
157
149
186
75
179
243
45
243
116
8
228
67
242
39
163
102
88
82
165
142
222
117
135
115
150
128
3
179
239
3
137
121
68
173
126
82
110
240
67
61
111
198
151
9
165
195
160
152
182
82
116
168
118
222
117
26
44
209
201
236
158
96
84
207
127
169
182
132
63
190
96
77
145
0
101
222
109
21
42
197
237
210
157
218
22
113
188
167
233
37
135
154
38
88
19
179
70
139
33
129
143
183
209
195
165
32
9
219
147
156
225
127
15
213
159
110
67
62
254
237
146
88
204
133
1
226
229
62
141
106
75
147
39
9
47
36
11
72
66
214
38
186
102
254
96
113
165
74
225
143
125
154
4
136
166
123
130
81
253
233
171
186
83
236
248
194
63
76
18
144
235
37
197
116
204
157
84
125
41
84
245
84
159
28
69
206
48
154
96
82
138
90
136
183
149
27
238
240
79
193
0
100
122
233
49
1
235
12
116
87
78
155
117
248
166
75
32
51
184
55
136
148
201
134
174
247
149
164
59
220
211
6
25
172
92
33
8
204
161
75
213
147
38
198
63
231
232
50
152
12
174
95
38
229
178
1
235
195
185
103
46
231
100
9
70
86
245
2
243
115
126
71
208
132
200
229
1
107
202
47
36
39
107
139
85
189
78
177
126
210
60
184
232
49
201
2
19
217
53
193
142
88
177
136
109
43
122
248
224
62
43
145
233
210
218
226
214
158
81
172
186
20
185
246
240
79
177
132
98
172
125
50
39
227
44
116
86
158
61
93
60
167
219
48
58
188
54
152
53
246
51
139
63
209
8
47
140
248
34
148
25
223
22
120
74
123
207
83
205
34
198
17
46
104
50
129
152
142
47
226
229
46
149
226
77
177
227
175
242
17
40
84
82
81
22
227
89
216
198
245
173
212
117
166
107
30
132
242
227
64
143
221
57
237
169
122
82
206
60
197
229
93
0
157
213
180
225
165
136
151
114
249
41
228
236
233
152
38
129
104
237
255
65
70
218
221
184
238
63
61
122
112
71
159
196
69
100
233
176
251
167
6
88
219
138
61
118
172
135
107
164
50
40
38
144
147
243
22
10
42
224
175
47
200
85
52
64
50
91
159
204
194
117
143
244
135
230
71
207
174
66
30
12
140
44
5
230
229
158
65
236
147
161
225
3
243
53
41
77
82
247
36
55
114
76
82
253
163
216
241
39
126
191
37
50
183
237
147
9
18
105
37
250
90
224
124
226
45
201
130
65
145
158
205
40
156
53
88
253
41
84
56
231
70
54
131
196
236
219
72
95
78
219
128
190
22
49
238
120
73
23
64
196
113
221
17
59
51
175
20
15
139
17
59
185
173
72
164
51
128
182
152
77
163
61
160
43
197
166
51
200
83
12
148
25
7
11
207
194
57
10
125
151
215
199
23
58
107
2
216
135
168
137
102
69
185
53
203
91
101
97
79
167
53
5
0
71
221
7
55
115
228
194
245
125
136
218
141
127
154
44
46
183
235
171
221
57
53
177
249
90
172
249
107
61
248
2
153
5
183
209
252
151
177
212
125
137
115
76
192
142
242
3
136
184
219
108
18
207
81
169
58
21
1
126
112
151
195
107
110
112
109
24
39
243
173
124
219
138
71
111
187
175
9
33
154
186
131
152
157
39
20
186
127
206
136
187
220
115
33
160
56
77
207
78
138
41
10
217
211
99
205
30
106
104
40
8
140
118
93
77
239
184
133
194
71
165
99
39
115
52
83
84
69
223
70
178
216
222
103
244
135
24
119
69
43
145
10
38
163
203
134
236
25
127
97
124
18
188
217
205
121
76
0
152
80
181
227
56
24
189
0
124
45
50
252
227
159
2
128
192
120
222
32
70
204
89
232
191
150
59
122
209
103
211
196
110
36
102
54
111
231
47
85
123
139
21
239
188
231
89
34
48
250
55
50
149
214
23
136
239
67
76
111
215
221
32
16
185
88
174
236
218
185
141
149
199
67
201
91
239
235
26
157
140
140
201
224
119
252
164
236
207
176
225
14
231
53
51
212
66
15
86
153
118
222
66
215
172
109
240
189
191
156
220
98
163
111
199
88
25
102
32
218
66
108
248
145
125
77
12
21
208
157
205
184
28
159
212
125
115
102
255
233
222
39
41
200
93
218
104
130
204
75
248
181
18
191
254
208
74
35
97
116
160
239
112
123
230
33
16
94
128
28
251
185
157
201
32
234
234
29
146
145
243