128
0
0
0
160
243
193
255
50
89
27
108
202
200
138
229
19
98
205
15
198
111
82
136
44
171
40
71
245
168
3
250
27
154
229
139
247
60
5
192
103
199
130
51
162
158
105
249
33
216
115
143
251
154
38
230
165
179
147
91
53
107
160
218
91
248
216
225
185
77
144
129
217
179
193
172
60
178
117
92
57
98
122
241
206
13
135
76
232
210
108
210
239
75
44
62
196
123
213
124
203
147
194
108
244
109
18
239
225
245
68
93
134
25
126
152
174
93
0
16
62
54
10
133
251
16
170
47
101
139
26
253
195
48
150
9
13
48
202
78
121
3
217
19
67
215
155
110
185
82
163
128
42
13
228
237
60
133
200
143
183
59
31
245
56
13
69
102
222
18
147
80
90
66
103
181
208
247
135
123
58
1
7
130
123
151
223
41
63
138
252
214
236
240
207
185
108
18
21
81
101
129
135
144
51
80
255
33
246
252
195
90
32
89
216
234
214
100
87
238
82
188
158
54
191
254
226
95
155
70
100
116
205
53
14
198
61
64
217
154
77
84
190
35
73
40
62
62
23
136
17
115
198
234
4
201
10
63
94
219
164
16
59
153
29
20
218
123
7
209
150
66
206
11
206
75
150
136
30
190
5
96
229
188
37
239
110
144
243
27
113
36
89
111
64
83
6
187
126
90
99
229
33
88
33
199
80
150
128
34
33
99
3
89
27
171
167
34
66
238
244
199
60
109
11
133
241
151
69
172
14
167
88
123
41
118
92
228
187
7
145
220
110
202
48
125
200
223
168
182
24
191
223
96
203
19
144
36
95
97
180
43
101
37
212
95
168
217
121
96
183
75
44
54
187
22
145
129
211
52
46
47
87
158
55
218
211
36
176
28
120
58
220
222
255
27
133
188
100
67
31
230
101
150
169
156
42
141
182
165
151
137
110
75
51
235
143
247
22
205
66
158
199
4
191
118
223
104
252
132
216
211
23
127
18
68
9
167
43
131
243
57
74
160
216
146
106
58
147
54
67
6
145
113
176
116
140
140
119
214
61
121
87
242
165
159
36
136
73
232
248
244
210
196
11
169
186
80
59
246
113
251
51
90
228
116
63
96
43
235
169
85
117
134
60
95
176
99
207
42
114
187
52
152
148
241
23
186
46
255
30
59
4
131
14
20
25
93
57
197
127
120
49
17
145
186
135
31
234
45
19
160
128
186
141
78
97
188
223
250
72
185
163
14
95
52
188
68
78
3
4
163
34
213
68
113
165
120
244
55
90
138
208
160
227
59
130
85
125
110
171
251
214
237
194
67
61
149
82
186
219
177
193
36
148
51
113
109
121
118
254
241
188
34
193
201
72
223
69
119
222
79
46
174
68
16
248
244
79
155
76
224
85
125
180
171
55
109
127
83
14
29
253
176
39
73
2
246
188
238
136
151
255
18
171
45
204
15
63
254
71
160
26
73
92
31
136
202
123
10
241
150
106
87
27
174
121
16
138
204
175
167
102
192
189
167
42
205
115
179
4
249
48
9
228
67
98
38
163
178
88
2
165
132
214
181
134
243
151
20
163
147
123
5
209
105
68
167
254
82
228
244
71
28
93
134
17
1
245
234
160
24
183
210
117
169
118
222
37
152
254
145
202
228
222
97
118
199
79
136
156
144
59
108
96
71
149
64
100
222
104
32
42
239
233
210
85
202
28
127
184
166
75
33
34
187
12
8
145
43
70
128
43
197
142
29
213
102
37
42
221
91
195
140
202
125
79
212
183
107
70
63
254
233
18
218
204
174
3
226
228
150
137
203
107
185
39
137
253
116
8
70
70
214
4
178
98
223
120
101
161
0
161
173
127
154
4
0
170
222
130
99
253
105
121
186
82
232
188
194
29
68
131
177
193
53
193
254
220
183
94
249
40
254
244
101
191
54
209
200
234
202
66
82
142
90
8
187
49
26
238
100
201
131
16
79
114
233
48
35
235
169
117
79
14
157
175
248
140
69
164
50
56
62
24
149
209
210
172
247
213
140
51
216
210
132
29
9
124
33
204
72
249
91
223
147
102
199
157
230
233
18
170
72
168
213
118
231
176
129
235
107
184
247
47
213
176
9
214
86
223
0
179
114
126
71
208
132
200
229
1
107
202
47
36
39
107
1
84
141
239
163
62
212
182
184
194
51
141
3
177
216
161
225
142
24
183
194
109
33
112
252
225
62
35
164
233
248
206
230
70
158
112
174
58
20
51
242
244
110
131
196
228
164
45
27
39
99
45
214
87
10
29
93
124
161
145
48
48
182
50
153
181
250
2
138
13
65
142
173
204
219
34
16
25
253
30
233
235
105
31
83
135
50
236
25
106
105
26
132
8
143
29
226
101
108
197
193
71
53
227
47
254
32
41
102
194
215
148
163
122
216
66
245
5
221
212
166
107
142
130
50
243
64
133
221
57
103
173
126
115
252
124
67
237
13
41
157
85
181
67
164
28
183
114
185
47
174
236
227
146
34
128
232
225
206
64
116
74
91
58
174
28
61
254
112
239
150
101
69
100
121
182
59
183
6
82
219
138
21
115
60
134
89
164
178
106
118
179
153
119
22
40
39
69
142
29
24
213
252
0
27
81
31
205
226
112
139
85
191
98
197
21
254
97
20
12
140
14
8
214
196
172
81
104
11
225
226
3
179
53
3
69
194
214
60
51
114
6
18
222
175
220
241
175
119
142
132
10
39
107
217
73
58
103
225
251
250
236
77
195
53
153
0
129
129
190
199
40
156
23
85
205
8
102
40
99
222
118
128
196
172
219
106
87
74
90
146
62
20
227
174
91
69
151
64
76
120
121
176
3
99
45
14
79
137
21
63
185
15
73
149
50
178
226
154
133
163
29
172
171
197
46
58
108
242
52
196
155
29
75
205
198
61
10
223
150
230
198
37
110
105
202
216
167
164
9
102
205
176
145
106
99
53
227
85
231
55
1
4
71
127
6
6
114
214
150
247
181
136
250
129
255
154
164
39
19
74
147
141
187
47
241
251
94
168
249
201
60
201
3
171
81
181
25
252
183
189
84
125
1
122
232
97
182
162
129
146
248
217
104
22
207
241
168
155
21
25
62
246
141
195
75
106
112
109
144
46
82
13
68
159
12
93
47
153
169
13
33
48
179
183
152
183
103
146
160
127
196
138
123
220
209
37
52
24
85
139
200
138
105
9
215
215
99
69
31
106
200
58
200
8
164
93
109
227
248
133
232
74
149
226
7
103
48
73
84
68
213
70
178
216
222
103
244
135
24
119
69
43
145
10
38
163
203
134
236
25
127
97
124
18
188
217
205
121
76
128
153
196
181
227
104
26
37
16
92
47
242
253
227
159
54
128
242
120
222
184
6
228
95
168
190
54
50
75
113
117
87
70
188
52
109
52
111
230
13
93
222
170
13
255
184
245
9
32
60
62
55
176
153
231
150
130
171
197
212
47
223
219
100
17
177
93
174
204
194
173
9
197
199
105
193
155
238
201
23
56
173
190
217
228
165
236
132
230
15
176
233
14
115
53
51
196
70
15
86
152
120
218
66