128
0
0
0
160
243
193
255
50
89
114
126
66
68
36
232
117
135
113
138
44
36
227
107
35
92
28
78
177
238
212
252
168
232
59
201
2
153
221
49
224
188
24
55
128
61
2
122
120
225
28
46
1
200
202
30
102
142
222
89
164
186
21
27
247
100
111
177
196
100
230
125
56
45
231
45
244
90
175
60
111
172
33
89
112
25
188
178
152
157
255
146
139
63
65
14
239
156
248
40
148
25
223
19
76
202
91
207
211
79
114
197
19
234
104
50
129
152
142
47
226
229
46
149
226
77
177
227
175
242
17
40
84
82
81
22
227
89
216
198
245
173
212
117
166
107
30
132
242
227
64
143
221
57
237
169
122
82
206
60
197
229
93
0
157
213
180
225
165
136
151
114
249
41
228
236
233
152
38
129
104
237
255
65
70
218
221
184
238
63
61
122
112
71
159
196
69
100
233
176
251
167
6
88
219
138
159
119
56
167
107
228
52
98
38
154
153
247
23
138
38
209
174
29
88
211
182
0
17
91
27
204
106
124
46
244
135
118
65
15
190
66
20
12
140
166
1
226
196
172
1
106
155
241
200
3
115
52
139
76
198
215
36
119
116
6
82
247
169
220
240
167
114
142
36
0
39
107
17
73
49
105
161
250
242
233
221
226
45
89
132
129
129
158
199
40
156
191
92
249
8
102
120
97
78
102
170
196
108
218
226
94
78
91
138
122
18
227
238
114
67
151
65
68
125
121
16
9
99
45
198
79
130
27
127
184
7
76
5
19
170
34
30
133
163
61
172
171
197
134
51
88
242
52
148
153
141
91
231
198
253
11
87
159
226
199
61
42
111
202
152
142
162
9
103
197
181
145
202
105
53
227
157
231
60
15
68
70
119
3
150
83
206
86
115
181
136
218
129
255
154
12
46
39
74
147
221
185
191
225
209
94
104
248
65
53
205
2
179
21
179
25
188
158
187
84
124
3
127
221
225
188
182
133
64
168
241
100
22
206
241
168
155
21
25
62
246
141
195
75
106
112
109
144
46
82
13
68
159
12
93
47
153
169
13
33
48
179
183
152
183
103
146
160
127
196
138
123
220
219
37
164
185
71
155
204
152
41
11
217
19
99
237
19
207
73
26
76
10
164
77
103
231
188
132
232
74
161
226
53
103
48
209
20
108
211
6
179
80
215
247
244
159
28
247
95
59
154
0
102
162
67
143
77
185
71
37
250
8
252
251
203
125
76
170
145
100
181
201
120
158
167
0
118
47
242
252
65
155
150
160
216
60
88
32
6
207
87
236
191
30
58
122
113
117
19
64
188
36
70
58
47
231
165
92
219
171
13
47
184
165
89
2
54
250
55
56
144
214
55
186
59
67
158
111
247
213
160
16
17
81
159
237
218
253
139
5
215
73
203
155
238
235
26
8
140
140
201
96
61
172
135
230
79
176
225
6
118
52
43
208
194
221
86
178
118
154
66
247
164
252
240
143
235
158
68
50
161
105
195
88
147
111
132
251
112
44
126
1
109
70
12
149
209
21
196
25
188
167
144
251
105
38
221
239
218
39
9
197
248
91
80
70
72
211
248
149
18
63
254
120
67
23
97
116
240
237
224
107
204
33
208
95
8
21
255
184
133
141
38
234
170
52
148
145
242
54
163
59
229
172
187
220
65
52
24
31
93
27
102
207
105
10
221
83
228
205
95
239
105
18
137
142
175
29
103
223
44
129
50
27
155
231
15
247
22
0
241
71
237
194
181
170
158
66
241
225
217
209
142
250
186
20
162
163
57
195
89
55
235
160
208
94
205
216
203
249
203
8
209
208
183
193
173
158
182
64
124
19
230
248
57
206
12
133
200
232
248
105
227
207
97
108
184
204
123
254
116
11
146
96
109
245
77
32
171
231
127
20
95
132
153
126
48
175
205
1
34
234
54
154
133
209
18
234
46
101
139
26
253
195
48
150
9
13
48
202
78
121
3
217
19
67
215
155
110
185
82
163
128
42
13
228
237
60
133
200
143
183
59
31
245
56
13
69
230
218
22
146
72
222
192
117
245
210
245
131
123
24
12
162
163
73
71
95
225
127
163
246
86
237
216
202
41
109
32
21
209
39
209
164
154
183
80
221
44
83
221
241
138
160
145
152
195
220
228
86
76
86
28
62
22
255
120
42
15
146
78
164
117
77
57
63
199
15
208
95
24
13
119
190
167
73
128
55
159
23
136
129
117
6
250
4
195
10
63
212
223
160
49
9
217
155
28
138
82
7
81
151
224
207
159
238
75
214
142
84
190
15
106
225
189
165
227
95
145
193
139
247
166
25
76
64
215
6
19
119
251
99
229
177
94
225
215
80
156
128
34
171
103
7
120
41
235
33
42
18
199
244
71
61
109
11
133
241
151
69
172
14
167
88
123
41
118
92
228
187
7
145
220
110
202
48
125
200
223
168
182
24
191
223
96
203
19
144
36
95
97
180
43
101
37
212
95
168
217
121
96
183
75
44
54
187
22
145
129
211
52
46
47
87
158
55
218
211
36
176
28
120
58
220
222
255
27
133
188
100
67
31
230
101
150
169
156
42
141
182
165
151
137
110
75
51
235
143
247
22
205
66
158
199
4
191
118
223
106
252
37
88
217
135
121
144
20
42
165
239
131
249
60
223
128
234
134
110
184
147
60
65
70
144
219
180
69
173
166
55
80
165
121
93
246
229
158
14
141
220
104
242
228
86
148
75
171
182
84
58
86
112
250
147
72
176
118
125
96
32
225
169
84
255
143
173
94
168
115
203
96
98
187
58
220
148
249
23
46
46
255
14
63
4
131
15
26
29
93
51
192
222
249
35
81
151
56
215
28
230
41
19
32
140
27
13
110
49
190
149
186
64
183
103
15
87
49
185
101
86
3
132
243
34
223
78
177
164
210
240
3
122
160
132
34
123
59
168
83
61
111
137
246
70
108
208
71
61
23
18
146
217
245
192
4
156
2
80
117
253
116
236
177
149
32
5
200
72
223
208
119
222
143
42
254
68
58
242
52
78
153
65
224
117
87
176
43
63
125
127
85
142
29
87
180
179
201
8
182
186
108
136
150
251
86
171
133
197
171
62
254
19
162
210
73
86
21
200
202
217
14
96
183
114
7
153
174
57
51
134
200
175
15
111
100
188
167
126
207
187
179
14
243
112
9
70
71
243
7
187
226
218
2
229
167
218
177
134
249
154
128
131
139
43
7
83
105
100
167
190
82
238
249
231
60
69
146
149
145
165
195
174
220
182
250
125
12
119
222
33
24
228
209
195
230
222
96
246
203
238
136
174
212
189
190
32
110
157
4
101
246
101
37
43
197
233
210
205
202
60
121
60
166
75
33
34
187
12
8
145
43
70
128
43
197
142
29
213
102
37
42
221
91
195
140
202
125
79
212
183
107
70
63
254
233
18
218
204
174
3
226
228
148
137
254
203
153
103
15
173
36
10
76
6
214
174
179
199
222
74
33
167
200
161
140
125
30
4
130
166
219
162
73
237
237
225
170
83
224
188
194
55
76
134
144
235
53
193
116
204
156
90
121
41