128
0
0
0
160
243
193
255
50
89
147
224
100
197
236
0
175
231
39
68
119
140
93
127
24
162
108
1
34
174
176
136
197
216
16
46
47
205
130
187
253
195
160
144
201
29
48
192
78
121
137
221
23
98
229
219
232
177
2
138
128
170
12
70
236
168
165
200
207
177
113
31
255
50
9
68
230
210
35
146
98
202
196
229
245
243
247
3
123
146
8
166
130
123
7
217
233
47
138
246
214
236
122
203
189
77
32
85
215
109
209
174
144
179
81
93
32
98
220
195
26
38
19
216
224
220
96
86
110
94
141
159
4
47
120
96
31
184
70
224
116
101
60
175
198
61
208
223
90
93
84
180
35
73
162
58
58
54
186
81
245
206
186
45
201
138
62
252
218
48
48
59
217
27
94
218
113
13
213
151
194
194
58
207
121
6
14
156
254
38
96
97
188
141
230
207
144
243
139
119
228
73
111
74
83
6
49
122
94
66
215
97
222
41
151
121
150
0
35
131
98
151
121
27
235
161
104
66
228
254
195
61
237
7
180
240
165
213
42
140
231
123
123
173
118
244
237
26
7
145
76
104
10
32
125
194
223
168
60
28
187
254
82
139
149
152
116
118
97
52
42
199
36
64
127
168
153
127
42
183
65
38
50
186
150
157
176
210
6
190
169
213
222
20
218
87
36
24
21
217
58
220
78
249
219
149
188
110
67
31
108
97
146
136
174
106
11
190
245
190
137
238
74
145
234
27
215
22
141
68
212
199
14
181
114
222
226
240
128
249
225
147
253
138
84
9
165
239
131
81
53
235
128
234
214
108
40
131
22
65
134
145
83
189
65
172
190
115
86
165
57
116
240
229
159
6
136
220
200
248
228
86
92
75
160
184
20
59
94
117
106
178
80
112
242
125
96
0
225
169
84
87
134
153
94
168
35
201
240
114
145
58
28
149
113
30
42
47
231
74
57
4
195
38
28
29
92
49
197
235
121
41
69
147
234
135
52
234
41
18
34
140
139
12
68
37
58
71
186
64
191
231
15
87
49
188
100
86
23
128
243
34
255
76
177
164
218
248
6
123
184
144
166
169
59
130
93
125
111
169
251
230
76
226
67
61
31
82
145
221
49
192
134
144
150
112
117
237
240
246
161
159
36
129
201
234
219
112
87
244
203
172
102
68
17
250
112
79
177
73
209
117
87
244
45
63
109
84
91
206
28
87
180
179
201
8
182
186
108
136
150
251
86
171
135
197
59
63
212
7
38
0
73
86
29
72
202
217
14
101
182
114
19
157
174
57
19
132
200
175
7
103
97
189
191
106
75
105
179
36
253
48
9
204
78
83
39
163
34
222
64
229
135
220
177
134
219
159
33
3
179
127
5
73
105
68
167
126
82
228
244
71
28
93
134
17
1
245
234
160
24
183
210
117
169
118
222
37
152
254
145
202
228
222
97
84
199
218
168
156
128
191
244
32
78
151
4
100
118
108
20
42
239
189
80
31
154
31
125
248
166
227
32
23
187
20
88
19
49
70
161
33
193
142
159
217
102
4
0
217
219
91
156
235
119
79
212
31
111
215
158
222
121
148
0
220
133
11
98
229
180
137
110
106
161
103
143
39
116
34
72
194
215
132
187
242
222
96
49
163
0
225
133
119
158
5
2
170
127
163
123
189
111
51
234
90
234
248
195
151
72
18
144
217
113
71
166
220
182
80
125
40
116
253
241
159
28
17
204
48
138
74
82
206
91
138
183
161
58
196
180
73
75
0
100
112
41
49
11
238
172
116
79
10
29
45
248
167
71
164
51
144
58
185
181
251
210
44
37
133
143
61
220
210
38
17
9
92
33
92
206
161
91
255
147
98
199
61
231
220
19
178
72
168
213
38
229
184
193
235
107
184
98
47
231
180
9
22
6
215
8
55
115
86
74
113
132
200
161
135
121
138
38
38
227
106
35
92
28
78
177
238
212
252
168
232
59
201
2
153
221
49
224
188
24
55
128
61
2
122
120
225
28
46
1
200
202
30
102
142
222
89
164
186
21
155
243
96
110
169
64
230
244
61
58
47
227
45
214
87
10
29
93
124
161
145
48
48
182
50
153
181
250
2
138
13
65
142
173
204
219
34
16
25
253
30
233
235
105
31
83
135
50
236
25
106
105
144
133
56
46
15
162
99
230
197
235
69
113
226
47
254
32
41
102
194
215
148
163
122
216
66
245
5
221
212
166
107
142
130
50
243
64
133
221
57
103
173
126
115
252
124
67
237
13
41
157
85
181
67
164
28
183
114
185
47
174
236
227
146
34
128
232
225
206
64
116
74
91
58
174
28
61
254
112
239
150
101
69
100
121
182
59
183
6
82
219
138
21
115
60
134
89
164
178
106
118
179
153
119
22
138
38
209
174
29
88
211
182
0
17
91
27
204
106
124
46
244
135
118
65
15
190
66
20
12
140
166
1
226
196
172
1
106
155
241
200
3
115
52
139
76
198
215
36
119
116
6
82
247
169
220
240
167
114
142
36
0
39
107
17
73
49
105
161
250
242
233
221
226
45
89
132
129
129
158
199
40
156
191
92
249
8
102
120
97
78
102
170
196
108
218
226
94
78
91
138
122
18
227
238
114
67
151
65
76
125
237
176
3
231
47
94
79
130
27
251
184
7
76
144
19
170
226
26
213
163
23
166
107
196
132
62
88
210
30
144
25
133
75
231
192
125
11
253
155
118
71
55
106
105
72
152
143
166
77
103
77
188
48
234
67
101
225
31
167
63
15
192
70
119
3
3
83
206
150
119
229
136
240
139
63
155
14
35
39
106
185
217
57
183
241
209
88
232
248
235
49
89
130
185
85
181
155
188
159
191
16
124
129
118
73
225
150
242
131
216
184
209
102
210
206
251
173
14
53
43
42
242
15
195
65
104
48
108
58
42
99
44
110
223
138
197
47
147
173
77
32
26
182
34
24
189
119
22
240
63
198
134
127
221
123
36
165
25
85
207
206
218
41
0
211
19
98
103
26
94
72
2
92
14
238
93
103
233
248
132
224
74
53
226
53
119
52
209
20
109
221
2
179
90
210
86
117
141
92
241
221
107
153
12
98
162
193
131
124
56
77
97
124
144
188
243
205
57
77
162
148
100
149
209
108
26
247
0
92
39
50
253
227
151
167
129
234
124
94
106
6
207
95
236
190
22
58
218
113
71
3
68
36
100
111
50
107
230
175
84
219
43
53
63
60
173
25
43
52
254
54
154
148
215
23
162
191
193
206
47
222
209
100
17
179
93
62
205
232
185
141
23
199
105
201
27
238
201
23
61
172
190
205
224
165
236
164
228
15
176
97
7
226
52
43
128
192
69
70
146
116
90
67
247
164
200
240
189
235
158
220
114
137
111
131
89
27
102
20
251
104
40
254
27
125
77
6
213
208
149
200
45
188
167
208
125
123
54
252
239
26
39
169
196
252
90
72
210
206
1
184
189
28
123
255
216
79
38
64
108
160
111
32
123
236
43
208
95
42
24
207
153
183
157
162
114
234
55
148
209
242
28
171
171
196
180
191
220
11
116
59
19
89
27