128
0
0
0
160
243
193
255
50
89
250
242
236
73
66
13
201
2
155
193
157
199
236
156
23
85
88
8
102
232
103
142
118
170
206
108
218
104
90
74
122
184
58
148
235
190
91
67
23
64
230
124
237
48
9
35
43
140
79
136
17
123
185
135
64
52
18
152
178
152
7
227
30
172
47
197
46
58
249
242
52
4
159
77
75
231
204
253
11
221
155
230
230
15
106
233
194
200
167
162
137
102
103
180
5
234
105
117
229
215
231
54
5
64
71
247
15
167
82
252
198
245
55
200
249
129
123
154
164
39
134
74
147
77
191
127
241
209
84
104
248
203
49
201
35
129
85
53
17
236
183
187
212
125
171
126
124
225
188
226
135
16
248
216
108
82
207
123
161
170
52
25
122
112
221
131
72
98
116
109
144
46
194
12
68
75
12
13
47
147
161
205
32
58
182
178
185
133
119
150
122
111
238
130
187
220
81
44
144
25
127
223
202
18
105
9
217
147
99
231
22
250
73
48
12
140
60
29
110
227
188
133
74
78
148
194
31
227
178
25
20
109
209
130
179
122
210
198
212
181
92
113
87
59
177
8
166
163
233
139
217
57
77
101
252
138
252
250
207
57
76
34
152
197
149
227
40
156
37
64
117
47
118
252
65
155
3
160
216
252
92
112
6
229
93
44
190
28
55
122
81
95
23
192
180
52
70
60
175
231
175
92
223
138
63
187
190
127
89
34
62
190
55
184
156
231
54
136
171
197
28
47
212
213
36
16
185
88
62
237
218
109
141
197
199
73
193
155
238
97
30
12
173
190
137
230
53
252
174
230
207
177
97
7
119
52
43
128
64
15
22
177
126
218
67
213
172
204
209
165
255
154
150
50
171
109
131
89
153
106
132
219
66
248
126
211
109
102
4
21
209
189
205
40
189
167
212
253
249
54
215
237
26
38
3
192
104
218
66
146
200
131
184
188
24
63
255
90
70
178
64
70
228
105
184
107
204
41
20
95
32
29
90
185
133
137
166
240
234
61
150
145
243
182
175
154
229
158
255
90
147
116
49
23
25
26
206
195
248
11
247
3
230
205
79
239
109
86
136
132
175
185
198
255
60
133
184
27
177
239
139
246
30
5
101
102
223
194
53
120
158
67
247
165
217
243
134
107
155
62
178
167
179
211
115
61
111
161
216
91
89
249
249
249
75
218
209
209
177
133
173
180
187
68
253
1
242
252
187
142
37
137
136
233
114
96
227
206
83
124
188
4
107
245
118
203
147
224
97
196
76
32
255
101
109
4
94
134
89
126
178
166
205
33
8
58
54
64
197
216
28
174
47
77
134
187
253
195
116
16
27
77
57
200
138
120
171
208
178
67
215
11
104
121
66
163
138
42
13
110
233
56
164
250
207
49
51
79
220
56
141
68
196
223
134
179
80
26
68
45
181
218
253
131
122
152
13
163
163
73
23
221
51
63
160
254
22
236
250
194
25
76
10
1
213
245
209
174
158
247
81
215
41
83
253
195
94
160
67
152
227
212
100
86
110
94
29
158
4
251
120
48
31
178
78
32
117
229
61
59
102
29
68
217
2
77
84
190
163
73
40
62
62
23
136
17
115
198
234
4
201
10
63
94
219
164
16
59
153
29
20
218
123
7
209
150
66
206
11
206
75
150
136
30
190
5
96
229
188
47
239
91
176
235
203
113
62
73
69
70
215
7
177
115
206
67
207
53
220
41
215
81
158
4
34
129
98
54
88
3
171
167
34
18
236
252
135
60
109
11
16
241
165
65
172
206
247
80
115
173
119
214
237
191
6
137
12
110
208
32
87
204
91
169
188
21
43
255
74
223
151
152
52
94
105
48
43
197
36
225
94
176
217
121
96
231
73
36
118
187
22
145
20
211
6
42
47
151
206
63
210
87
37
152
17
217
58
220
154
121
9
197
181
102
135
30
78
108
55
169
156
186
139
118
181
151
131
110
75
185
239
139
214
36
141
196
150
151
45
191
246
222
192
253
37
216
211
67
125
66
20
32
175
111
130
249
52
127
128
192
82
110
120
147
55
73
6
145
83
189
65
172
190
115
86
165
57
116
240
229
159
6
136
220
200
248
228
86
92
75
160
184
20
59
94
117
106
178
80
112
242
125
96
0
225
169
84
221
135
169
255
186
99
207
122
114
187
56
88
148
211
31
190
15
231
10
63
78
195
44
22
25
93
187
201
239
88
27
193
17
114
151
52
232
237
18
128
128
42
44
118
97
60
85
170
96
189
103
15
117
60
137
68
100
19
0
107
98
220
78
241
164
248
248
147
91
184
128
34
49
123
139
95
57
111
1
255
119
205
232
215
187
93
82
186
215
49
193
164
144
51
113
109
173
246
44
161
181
42
5
200
200
211
116
118
236
223
168
44
4
51
248
112
79
51
69
65
85
125
36
173
247
125
127
89
14
29
119
180
35
104
48
182
58
230
216
190
255
146
170
173
205
14
63
254
23
34
200
9
95
23
200
203
89
2
193
183
64
67
31
124
121
26
142
140
174
173
99
192
157
149
254
205
161
179
36
241
176
9
76
74
83
39
163
246
94
146
181
142
212
117
135
249
146
132
34
129
175
133
129
41
109
173
254
83
196
241
67
189
101
2
147
219
165
201
170
24
183
240
120
153
87
236
53
28
102
209
201
228
158
97
92
207
223
169
132
148
59
38
32
100
153
68
100
92
97
36
171
207
169
84
5
154
30
119
248
166
225
32
135
186
62
76
151
227
70
161
41
65
142
159
217
99
5
0
205
223
91
156
203
117
79
212
157
99
67
30
212
233
18
80
220
133
7
98
229
148
137
254
203
153
103
15
173
36
10
76
6
214
174
179
199
222
74
33
167
200
161
140
125
30
4
130
166
219
162
73
237
237
225
170
83
224
188
194
55
76
134
144
235
53
193
116
204
156
90
121
41
94
240
245
30
14
5
200
178
202
99
94
142
90
0
190
161
59
246
164
77
131
16
111
114
233
48
139
226
157
117
79
94
159
63
232
166
69
100
51
176
55
28
148
201
150
170
247
149
165
53
216
211
12
28
13
221
51
72
202
35
27
214
159
34
198
181
238
76
19
170
76
40
207
54
238
178
129
234
235
180
86
47
231
244
143
4
22
246
8
247
115
220
75
116
165
250
101
3
113
202
5
38
231
107
129
88
29
110
169
106
86
172
232
193
63
13
3
19
209
49
96
132
220
51
90
45
34
112
184
225
156
39
165
201
224
74
100
22
222
89
170
254
21
145
254
85
78
177
128
226
182
61
59
37
227
45
244
90
63
61
111
120
33
9
112
19
180
114
153
23
251
3
170
13
1
8
173
156
242
34
148
24
95
26
220
203
67
155
209
79
50
237
27
238
105
48
129
57
175
55
162
227
100
197
234
79
245
226
47
254
181
41
84
198
215
84
243
114
208
198
244
141
212
229
7
83
30
4
120
179
104
139
25
56
199
161
79
82
228
44
193
45
29
9
151
85
181
97
169
44
150
64
169
171
54
172
224
146
98
128
194
233
94
97
108
78
91
112
238
63
49
250
112