128
0
0
0
160
243
193
255
50
89
98
103
31
95
232
34
12
140
164
29
78
227
252
133
74
78
148
194
31
227
178
25
20
109
209
130
179
122
210
198
212
181
92
113
87
59
177
8
166
163
233
139
217
57
77
101
252
138
252
250
207
57
76
34
152
197
149
227
40
156
37
64
117
47
118
252
65
155
3
160
216
252
92
112
6
229
93
44
190
28
55
122
81
95
23
192
180
52
70
60
175
231
175
92
223
138
63
187
190
127
89
34
62
190
55
184
156
231
54
136
171
197
28
47
212
213
36
16
185
88
62
237
218
109
141
197
199
73
193
155
238
97
30
12
173
190
137
230
53
252
174
230
207
177
97
7
119
52
43
128
64
15
22
177
126
218
67
213
172
204
209
165
255
154
150
50
171
109
131
89
153
106
132
219
66
248
126
211
109
102
4
21
209
189
205
40
189
167
212
253
249
54
215
237
26
38
3
192
104
218
66
146
200
131
184
188
24
63
255
80
70
135
96
70
240
109
162
59
239
43
84
95
42
24
90
153
183
93
166
34
234
29
158
17
243
30
166
171
228
158
187
92
3
100
59
21
217
27
78
194
249
11
247
83
100
31
15
236
101
22
137
172
167
25
70
199
56
133
120
91
185
229
15
247
148
12
97
103
199
18
53
98
142
105
243
33
216
249
139
255
187
20
166
35
187
195
114
53
235
161
120
90
108
248
225
249
75
218
129
211
185
197
173
188
190
68
93
11
242
252
115
142
46
135
200
232
122
101
115
239
75
188
56
4
107
213
118
203
147
72
104
240
76
32
175
103
253
20
116
134
153
127
58
175
201
32
16
126
48
64
133
241
26
174
46
229
135
43
252
241
160
16
139
77
19
202
202
121
171
208
178
67
215
11
104
121
66
163
138
42
13
110
233
56
164
250
207
49
51
79
220
56
141
68
196
223
134
179
80
26
68
45
181
218
253
131
122
176
13
3
163
73
19
93
177
47
138
254
18
236
82
195
24
76
32
81
87
119
145
167
146
179
80
221
44
195
220
241
94
160
193
152
201
212
36
87
204
82
41
190
54
175
122
122
31
146
68
32
116
101
49
159
71
55
212
95
216
77
127
180
35
72
10
62
155
22
144
81
117
28
234
46
199
142
62
222
210
52
17
35
205
31
20
154
83
15
213
151
64
206
170
239
83
214
142
84
238
13
98
161
189
173
230
95
49
203
139
247
110
25
71
78
151
7
27
114
107
66
253
113
218
225
215
112
156
128
34
3
110
51
120
41
187
35
186
2
237
244
135
60
71
3
21
208
143
65
172
68
231
123
119
45
118
116
233
26
7
145
152
232
216
112
116
202
27
169
30
17
30
223
96
91
21
80
52
95
107
180
43
239
33
208
126
154
153
255
104
231
98
44
182
186
180
144
21
243
52
110
41
29
158
61
208
215
37
18
16
220
27
238
94
253
1
133
150
102
131
31
236
104
54
137
132
62
9
38
245
190
135
170
74
27
227
42
246
22
201
194
132
135
13
189
118
222
226
240
16
248
225
71
253
218
84
3
173
47
130
209
52
127
32
202
66
106
112
147
22
75
6
145
217
185
69
141
140
51
208
173
105
93
240
101
158
164
137
72
232
248
164
80
22
75
170
178
16
58
222
121
91
179
98
224
116
255
32
35
225
45
84
245
143
13
126
176
99
207
42
114
187
54
152
148
241
23
186
46
255
30
59
4
131
14
20
25
93
57
197
127
120
49
17
145
186
135
31
234
45
19
168
133
47
45
118
101
188
215
170
75
191
103
14
221
56
40
100
78
19
128
185
50
223
64
245
164
218
240
151
122
160
148
38
123
59
169
93
57
111
131
243
231
237
194
7
59
149
66
145
213
241
192
140
149
54
112
109
169
118
174
161
158
40
5
201
96
210
228
119
222
11
168
188
4
25
250
48
78
51
69
65
85
125
36
173
247
125
127
89
14
29
119
180
35
104
48
182
58
230
216
190
255
146
170
173
205
14
63
254
23
34
200
9
95
23
200
203
217
6
197
182
88
199
157
110
57
24
140
136
174
143
110
101
188
167
46
77
105
243
13
251
48
8
100
79
195
38
145
246
222
208
229
173
222
241
135
219
159
33
3
179
127
5
73
105
68
167
126
82
110
245
119
189
79
198
23
139
245
192
162
92
182
112
116
61
86
222
101
158
180
145
192
238
218
96
246
203
126
137
174
0
189
238
32
100
149
196
100
124
97
180
10
247
169
212
143
202
54
115
60
167
203
40
178
186
20
92
147
43
6
168
35
193
143
31
213
199
4
50
157
93
137
220
194
127
11
213
55
103
226
62
254
125
148
152
220
133
11
226
229
180
137
110
106
161
103
143
39
116
34
72
194
215
38
186
102
254
96
113
165
74
225
143
125
154
4
130
166
78
162
73
45
233
177
170
121
234
124
195
53
65
134
176
193
49
65
124
220
156
92
249
41
244
244
97
158
4
69
206
48
202
98
90
202
90
136
183
0
27
220
244
79
1
80
108
114
109
48
139
226
8
117
79
158
155
111
232
140
79
164
50
178
58
28
180
227
146
42
255
133
165
51
88
211
166
24
153
93
57
8
204
161
27
215
155
102
198
55
231
233
146
160
140
172
7
118
237
186
1
234
235
180
83
46
231
224
139
4
22
214
10
247
115
212
67
113
164
226
113
135
163
202
47
40
167
107
171
85
45
239
137
126
82
182
232
192
53
13
3
57
209
0
193
164
72
181
64
45
34
112
120
225
62
35
49
233
248
14
226
22
158
90
164
250
21
49
255
244
78
169
192
100
172
61
27
33
227
45
124
83
158
157
87
60
167
19
48
49
178
118
153
61
243
163
170
39
17
140
47
140
216
34
148
25
253
30
124
235
105
223
87
215
50
198
19
170
104
24
137
8
175
55
230
229
100
213
193
65
181
227
39
251
32
137
108
194
215
92
163
113
214
2
244
13
216
68
135
115
78
6
50
243
96
133
221
57
207
164
74
115
252
44
65
125
29
3
157
149
180
203
173
24
182
106
253
41
174
172
202
148
34
129
224
228
206
224
126
74
91
242
174
23
51
190
113
229
147
101
101
86
173
182
233
183
38
90
91
138
189
122
13
135
89
224
180
250
102
185
155
183
23
168
38
68
142
29
72
87
46
64
24
89
95
204
200
120
47
212
159
242
195
95
254
107
16
200
141
44
13
226
68
148
197
110
65
225
232
9
179
52
11
69
98
214
14
35
118
158
82
247
167
152
240
45
123
191
5
0
99
237
65
9
50
97
165
250
242
233
77
227
45
141
132
209
129
148
207
232
157
53
88
104
41
84
56
103
12
102
160
206
108
219
98
87
222
90
146
46
16
227
174
90
75
147
64
70
125
216
49
17
35
43
140
31
138
25
59
185
135
64
161
18
170
182
152
199
179
22
164
171
196
166
51
200
83
12
148
25
7
11
207
194
57
10
125
151
215
199
23
58
107
2
216
135
168
137
102
69
185
53
203
91
101
97
79
167
53
5
0
71
221
7
55
115
228
194
245
125
136
218
141
127
154