128
0
0
0
160
243
193
255
50
89
156
23
80
204
168
70
120
225
148
54
169
206
168
218
192
83
235
122
184
170
146
43
174
91
73
23
64
108
120
233
17
59
99
173
132
31
161
17
251
184
37
65
160
50
152
242
158
77
227
20
166
43
196
174
54
200
243
6
148
25
207
11
196
204
121
11
117
146
71
230
15
250
239
2
216
167
168
137
102
237
176
1
203
91
53
99
223
183
31
5
192
70
85
14
51
114
252
134
243
125
200
243
139
127
155
36
43
183
75
161
221
57
253
177
242
84
236
248
99
56
104
35
129
197
51
209
252
183
177
212
125
33
122
120
192
142
162
1
24
168
241
108
210
206
217
160
62
20
25
58
118
151
131
66
104
112
108
16
34
243
13
118
219
138
143
111
176
161
73
32
146
191
19
185
133
231
144
186
127
238
136
187
220
219
40
148
56
77
159
76
26
57
32
217
19
98
69
23
110
105
48
76
138
118
29
100
233
184
132
202
66
165
195
45
115
52
155
84
78
209
6
179
210
219
103
212
181
204
119
151
43
177
2
166
163
99
143
221
24
127
37
122
130
172
211
207
185
77
128
153
81
181
227
104
154
111
64
127
37
114
253
193
151
50
161
234
108
218
242
70
198
93
168
190
180
62
219
81
95
135
198
116
36
70
54
175
231
37
88
219
171
13
251
56
119
9
11
62
62
54
26
157
115
22
136
235
195
86
47
222
223
32
17
57
84
15
236
232
253
11
71
135
106
193
31
238
201
23
173
173
190
25
224
245
236
174
236
207
177
235
3
115
21
25
192
198
7
70
152
126
90
66
119
173
88
241
165
191
156
220
50
161
103
135
88
25
102
181
218
112
104
248
81
45
69
4
145
209
21
196
137
189
167
68
251
57
38
215
231
26
38
137
196
108
251
112
210
78
139
232
149
24
191
254
242
71
19
64
70
176
107
232
59
229
33
80
94
160
20
94
184
133
217
36
186
250
29
156
213
243
188
170
10
196
172
255
90
17
116
27
23
89
27
108
207
204
43
197
87
228
135
79
207
103
86
137
142
167
140
102
199
40
1
224
27
176
231
75
247
60
8
240
230
205
134
179
32
142
66
249
33
217
219
139
90
186
12
230
37
97
195
88
59
111
160
248
83
252
249
249
173
73
218
193
251
177
193
172
190
190
229
124
19
178
250
57
222
38
133
140
233
242
108
66
78
115
44
190
78
43
253
120
15
146
232
100
193
109
56
255
229
61
4
84
140
153
127
24
162
249
1
34
110
180
216
197
242
26
238
46
207
143
187
221
233
164
16
193
13
48
198
206
121
131
221
19
67
215
79
238
107
2
170
136
238
12
198
224
153
164
250
95
55
243
95
220
50
141
68
78
219
130
146
98
90
194
37
229
243
253
3
123
24
12
162
163
73
71
95
225
127
163
246
86
237
250
202
188
77
32
5
85
191
145
173
152
243
80
127
40
82
253
233
14
34
193
216
234
216
32
87
100
91
141
191
54
251
120
178
31
152
78
96
116
205
53
158
199
61
148
217
202
77
94
182
227
72
168
63
170
183
168
133
117
158
250
4
195
138
63
212
223
160
49
9
217
155
28
138
82
7
81
151
224
207
159
238
75
214
142
84
190
15
106
225
189
165
227
95
145
193
139
247
166
25
76
64
215
6
25
119
206
67
253
97
94
251
199
122
154
4
35
161
106
147
88
3
255
165
34
2
198
252
195
61
111
11
36
208
143
5
170
68
247
80
121
109
119
220
232
31
6
145
72
232
136
32
86
192
223
169
148
24
26
222
120
139
21
74
36
117
111
48
42
229
44
68
94
176
141
123
96
247
99
36
50
186
20
145
32
242
44
110
41
29
206
63
216
151
37
48
16
220
59
220
74
121
89
149
151
108
67
30
102
97
150
169
156
254
13
100
245
158
129
170
74
17
230
42
214
36
29
194
86
135
45
181
246
222
74
249
33
249
225
3
251
74
68
9
175
239
131
219
49
239
161
216
150
234
32
211
63
65
6
144
113
184
209
141
166
183
210
253
121
124
248
229
158
164
137
72
232
248
164
80
22
75
170
178
16
58
222
121
91
179
98
224
116
255
32
35
225
45
84
255
143
56
94
168
179
207
48
98
145
48
28
149
113
27
30
175
199
74
185
134
147
37
30
217
92
59
197
222
89
41
81
151
240
215
23
232
105
18
40
137
139
44
118
241
58
149
186
96
183
103
15
255
56
141
101
86
83
134
99
50
245
78
113
165
90
249
7
123
184
192
36
123
123
129
85
61
110
129
243
70
204
218
71
61
223
18
153
215
181
193
12
153
146
113
109
61
240
236
177
181
32
5
200
224
214
228
119
222
223
40
110
84
16
242
244
79
179
73
112
84
79
180
43
117
61
92
89
138
29
223
189
130
104
48
38
60
38
200
190
245
146
170
39
201
10
30
204
87
164
192
89
118
23
72
202
251
3
85
151
64
3
25
54
121
16
132
136
175
45
111
241
156
167
110
75
35
243
7
241
52
9
228
67
242
39
163
102
88
82
165
142
222
117
135
115
150
128
3
179
239
3
137
121
68
173
126
82
110
240
67
61
111
198
151
9
165
195
160
152
182
120
116
169
246
212
225
156
44
145
192
238
94
96
246
203
235
137
174
192
185
190
32
78
159
4
101
126
108
180
42
221
173
84
135
218
54
117
188
167
97
44
38
58
30
28
149
169
6
169
39
133
143
151
220
102
36
24
205
95
11
156
193
127
143
213
55
103
119
62
254
189
144
200
220
175
1
34
228
182
132
110
74
139
99
15
47
100
34
78
66
215
46
191
102
94
106
113
165
130
225
132
115
218
5
138
163
222
131
81
237
109
177
170
89
234
124
195
157
72
178
176
193
97
67
236
204
182
92
57
40
124
253
101
159
28
1
200
48
138
75
92
202
91
128
178
0
187
214
244
79
201
80
103
124
45
49
131
231
152
84
87
94
31
111
232
172
79
164
50
26
51
40
180
227
194
40
111
149
143
51
152
210
46
17
157
92
33
76
202
161
91
254
157
102
199
55
226
125
146
160
8
174
87
118
230
180
197
235
225
177
198
14
213
244
143
134
22
220
8
183
114
126
71
64
133
200
49
1
59
202
37
44
231
106
129
80
184
111
131
110
214
230
168
194
57
9
2
147
208
145
192
164
12
179
16
109
43
116
188
224
28
38
5
105
192
154
228
92
158
80
174
250
20
57
255
84
78
155
208
96
52
125
50
41
167
44
254
95
175
28
93
120
33
139
112
57
180
50
152
53
246
163
138
63
5
8
127
140
242
42
84
24
223
19
217
202
91
207
83
5
34
230
25
106
104
16
137
156
175
55
246
225
100
213
192
79
177
227
45
254
129
8
126
130
209
222
243
114
218
6
244
133
209
112
167
107
26
4
112
227
107
141
221
56
71
173
238
210
196
124
195
103
93
1
153
145
180
105
172
41
183
88
169
43
102
172
234
152
162
129
104
237
106
65
70
26
217
232
238
21
55
186
113
69
146
196
101
78
237
48
243
183
6
94
91
138