128
0
0
0
160
243
193
255
50
89
202
217
11
100
22
82
67
31
228
121
58
142
204
174
173
99
192
157
149
254
205
161
179
36
241
176
9
76
74
83
39
163
246
94
146
181
142
212
117
135
249
146
132
34
129
175
133
129
41
109
173
254
83
204
241
215
29
111
134
145
67
165
201
170
156
183
240
120
12
87
236
245
24
54
209
227
238
94
96
94
194
223
137
174
144
187
46
48
100
159
196
100
246
101
176
43
197
233
82
135
154
31
115
188
166
105
41
38
154
20
28
149
97
6
162
41
197
142
159
217
246
5
0
13
219
11
156
225
127
143
213
159
110
67
62
254
237
146
88
204
133
1
226
229
62
141
106
75
147
39
9
47
36
11
72
66
214
38
186
102
254
96
113
165
74
225
143
125
154
4
130
166
78
162
73
45
233
177
170
121
234
124
195
53
65
134
176
193
49
65
124
220
156
92
249
41
244
244
97
158
4
69
206
48
202
98
90
202
90
136
183
0
27
220
244
79
1
80
108
114
109
48
139
226
8
117
79
158
155
111
232
140
79
164
50
178
58
28
180
227
146
42
255
133
165
51
88
211
166
24
153
93
57
8
204
161
27
215
155
102
198
63
231
125
50
170
8
174
159
118
237
186
133
234
235
180
198
46
231
32
143
84
22
252
0
55
114
214
78
113
132
200
117
7
171
218
47
46
39
107
1
81
185
111
131
62
84
52
232
193
49
73
3
177
216
161
225
142
24
183
194
109
33
112
252
225
62
35
164
233
248
206
230
70
158
112
174
58
20
51
242
244
110
131
196
228
164
45
27
39
99
45
214
87
10
29
93
124
161
145
48
48
182
50
153
181
250
2
138
13
65
142
173
204
219
34
16
25
253
30
233
235
105
31
83
135
50
236
25
106
105
26
132
8
143
29
226
101
108
197
193
71
53
227
141
255
180
9
102
130
209
222
163
112
210
70
244
143
209
208
135
89
10
0
170
227
64
135
25
57
197
161
223
83
206
56
69
255
29
9
159
213
181
97
169
41
151
64
189
175
54
172
192
144
98
128
202
225
91
96
116
90
223
162
238
21
63
186
112
71
146
244
196
110
237
48
121
183
45
88
219
139
55
115
153
135
65
228
180
176
118
153
151
243
23
168
46
213
143
5
76
215
252
64
51
89
27
204
232
112
190
212
173
166
193
199
174
105
22
204
141
134
1
114
101
148
1
234
17
161
224
7
183
53
161
68
243
215
14
103
112
206
18
254
163
92
241
39
126
42
37
50
119
233
195
9
56
99
229
251
88
237
124
194
7
205
2
73
129
158
203
168
156
63
88
249
8
102
172
225
156
54
163
204
168
219
192
83
235
122
184
170
146
43
174
91
73
23
64
108
120
233
17
59
99
173
132
31
161
17
251
184
37
65
160
50
152
242
158
77
227
20
166
43
196
140
54
93
211
6
132
157
87
75
205
206
61
11
215
150
70
198
23
126
109
82
152
142
172
77
103
79
188
160
235
105
113
101
205
167
63
7
64
70
119
3
6
82
206
130
115
229
136
208
137
63
155
140
47
179
234
179
73
191
231
241
209
84
232
248
203
49
201
35
129
85
53
17
236
183
187
212
125
171
126
124
225
188
226
135
16
248
216
108
82
207
123
161
170
52
25
122
112
221
131
72
98
116
109
154
46
247
44
92
155
12
23
63
185
167
73
33
48
187
38
153
175
99
18
114
127
239
138
63
220
241
45
165
24
103
223
202
18
57
11
209
211
99
231
22
111
73
2
8
140
252
77
102
235
56
132
192
71
144
195
7
51
178
3
4
71
213
6
178
112
223
82
244
159
72
245
95
43
176
0
34
163
73
138
236
56
85
101
252
138
172
248
199
121
76
34
152
80
149
209
44
156
229
16
125
39
242
253
105
150
162
160
216
184
218
98
70
236
95
232
191
180
62
219
81
95
135
198
116
36
70
54
175
231
37
88
219
171
13
251
56
119
9
11
62
62
54
26
157
115
22
136
235
195
86
47
222
223
32
17
185
80
11
237
240
121
137
85
199
104
195
27
238
235
26
8
140
140
201
96
61
172
135
230
79
176
195
6
227
20
43
192
70
69
22
187
116
222
66
85
160
253
208
151
111
28
20
114
136
109
7
89
187
98
21
122
80
40
126
153
125
76
12
81
208
149
200
184
188
149
212
125
187
102
244
231
158
38
33
205
205
251
112
66
72
75
248
149
18
191
254
120
67
23
97
116
240
237
224
107
204
33
208
95
8
21
255
184
133
141
38
234
170
52
148
145
242
54
163
59
229
172
187
220
65
52
24
31
93
27
108
207
92
42
197
131
228
215
79
197
111
150
136
132
162
137
71
245
56
5
58
11
154
239
139
247
20
0
80
102
245
130
179
224
206
74
243
165
216
81
130
94
187
20
54
37
123
211
114
63
235
161
242
94
104
217
211
185
205
210
209
250
185
69
172
30
191
208
125
11
178
250
57
142
36
141
204
233
250
105
66
238
121
44
190
134
43
246
118
79
147
224
97
81
76
32
63
97
61
4
116
140
153
127
176
171
205
1
34
62
182
72
213
216
26
46
47
71
134
191
220
241
224
22
193
77
25
192
206
120
35
220
23
226
239
31
236
99
2
128
138
42
13
198
224
12
164
250
159
51
163
95
246
56
77
69
76
214
130
178
72
94
66
45
245
243
251
131
123
178
8
54
35
67
7
89
99
127
162
242
18
237
80
195
136
77
10
69
211
165
145
167
154
51
80
221
44
198
221
241
74
164
193
152
233
214
36
87
196
90
44
191
46
187
254
168
31
184
74
96
116
69
60
63
103
5
208
95
208
13
124
176
231
72
136
50
15
54
144
65
241
6
250
36
195
10
63
124
214
148
49
9
137
153
140
154
120
7
145
150
104
198
155
239
83
146
136
84
254
38
108
225
188
173
230
95
49
203
139
247
110
25
71
78
151
7
27
114
107
66
253
113
218
225
215
112
156
128
34
3
110
51
120
41
187
35
186
2
237
244
135
60
71
3
21
208
143
65
172
68
231
123
119
45
118
212
237
138
166
169
76
232
128
112
85
198
27
169
20
20
30
255
82
143
21
130
52
127
99
52
43
71
40
225
127
154
221
249
248
247
104
46
118
187
52
145
20
243
52
62
171
207
222
62
216
151
36
18
24
121
26
196
90
125
75
197
149
96
135
30
108
105
150
41
164
238
137
108
181
183
131
174
75
179
226
43
246
60
153
64
6
199
4
177
50
223
232
245
128
217
211
71
253
88
84
41
173
111
131
249
60
218
129
234
146
106
184
147
28
67
70
144
83
189
212
172
190
115
214
239
105
87
250
101
159
36
128
216
233
224
240
82
22
11
130
186
20
59
220
121
250
146
122
160
114
181
112
43
227
105
85
127
131
156
95
168
39
73
114
114
186
56
28
148
219
26
190
175
237
10
63
134
195
39
24
89
92
179
204
127
121
3
1
149
114
151
20
232
237
18
40
137
30
44
118
49
62
197
186
74
189
167
14
253
53
141
69
124
87
6
107
34
245
72
241
165