128
0
0
0
160
243
193
255
50
89
6
19
114
111
195
197
33
216
251
151
83
156
68
34
3
110
166
120
41
123
39
234
2
199
254
71
61
69
14
21
240
165
69
44
76
247
123
113
173
118
126
233
30
38
163
12
238
2
112
84
194
95
169
158
29
47
222
82
203
147
210
116
124
107
48
43
71
40
113
126
154
9
249
168
247
98
38
182
186
62
148
17
210
6
46
175
21
206
20
208
87
36
146
17
221
27
238
14
127
211
197
149
110
195
30
206
96
6
168
174
42
13
244
245
180
131
234
75
17
230
42
214
36
29
194
86
135
45
181
246
222
74
249
33
249
225
3
251
74
68
9
175
239
131
219
49
239
161
216
150
234
32
211
63
65
6
144
241
188
213
140
190
51
80
239
57
126
250
225
158
134
132
237
201
202
116
208
222
11
131
184
144
59
246
124
203
178
80
224
244
189
112
0
235
169
84
221
130
157
127
154
99
79
248
34
184
58
156
148
211
31
190
15
231
10
63
78
195
44
22
25
93
187
201
239
88
27
193
17
114
151
52
232
237
18
128
128
42
44
118
97
60
85
170
96
189
103
15
117
60
137
68
100
19
0
107
98
220
78
241
164
248
248
147
91
184
128
34
49
123
139
95
57
111
1
255
119
205
232
215
187
93
82
186
215
49
193
164
144
51
113
109
173
246
44
161
181
42
5
200
106
210
224
86
236
159
174
102
4
57
242
116
78
179
73
112
84
79
180
43
117
61
92
89
138
29
223
189
130
104
48
38
60
38
200
190
245
146
170
39
201
10
30
204
87
164
192
89
118
23
72
202
251
3
85
151
64
3
25
54
121
16
132
136
175
45
111
241
156
167
110
75
35
243
7
241
52
9
228
67
242
39
163
102
88
82
165
142
222
117
135
115
150
128
3
179
239
3
137
121
68
173
126
82
110
240
67
61
111
198
151
9
165
195
160
152
182
122
116
8
118
222
113
154
174
193
227
236
154
96
252
206
126
169
156
212
189
60
32
68
157
68
100
212
104
133
11
247
237
210
31
218
60
113
252
166
75
41
179
186
20
12
17
249
70
171
43
129
142
55
221
103
132
10
153
93
73
156
202
117
143
212
189
110
230
63
230
173
148
130
204
175
15
102
228
190
132
250
74
139
115
11
47
100
35
64
70
215
36
186
199
223
120
49
163
0
177
135
127
222
5
10
175
127
3
113
189
111
251
234
81
228
184
194
149
77
183
145
217
97
195
188
204
188
86
249
41
214
249
81
191
54
85
74
168
138
97
90
138
90
162
191
144
58
196
240
79
75
16
79
126
105
48
163
239
169
117
79
218
29
125
168
133
77
96
51
26
51
189
180
227
2
44
63
149
165
57
88
211
44
28
157
124
11
72
74
169
75
254
155
230
199
157
230
233
18
170
72
168
213
118
231
176
129
235
73
184
98
15
213
160
141
78
22
214
2
247
114
220
67
209
164
208
97
131
59
138
6
32
227
106
41
89
28
110
131
58
212
46
168
200
51
73
2
49
212
0
225
188
92
49
16
45
8
120
184
224
22
43
145
73
216
202
230
222
158
112
174
186
20
51
242
244
110
131
196
228
164
45
27
39
99
45
214
87
10
29
93
124
161
145
48
48
182
50
153
181
250
2
138
13
65
142
173
204
219
34
16
25
247
30
220
203
113
207
83
157
34
198
31
238
104
16
137
156
175
55
246
225
100
213
192
79
177
227
45
254
129
8
126
130
209
222
243
114
218
6
244
133
209
112
167
107
26
4
112
227
107
141
221
56
69
173
219
114
228
60
69
55
13
3
147
209
180
195
173
140
182
106
237
45
174
172
203
154
38
129
234
225
111
97
108
10
93
112
254
20
63
186
113
111
154
193
68
100
237
48
121
167
45
90
219
139
149
119
60
134
89
112
50
184
38
186
145
179
23
10
42
224
175
47
200
85
52
64
50
91
159
204
194
117
143
244
135
230
71
207
174
66
30
12
140
44
5
230
229
158
65
236
147
161
225
3
243
53
169
73
86
246
60
179
240
94
18
255
161
220
241
5
115
26
4
0
103
109
91
73
59
99
165
251
114
229
236
227
31
201
2
3
193
189
199
172
156
23
85
88
8
102
232
103
142
118
170
206
108
218
226
91
122
219
170
122
146
97
190
113
65
83
65
68
125
121
16
9
99
45
198
79
130
27
127
184
7
76
5
19
170
34
30
133
163
61
172
171
197
134
51
88
242
52
148
153
141
91
231
198
253
11
87
159
226
199
61
42
111
202
152
142
162
9
103
197
181
145
202
105
53
227
157
231
60
15
68
70
119
3
150
83
206
86
115
181
136
218
129
255
154
12
46
39
74
147
221
185
191
225
209
94
104
248
227
52
89
34
179
85
181
83
188
148
177
80
125
137
115
217
192
142
50
7
216
184
241
102
210
206
83
164
58
53
43
122
240
159
211
107
104
240
109
178
35
103
45
118
155
140
197
111
186
171
77
33
18
179
34
184
183
119
22
56
63
205
136
63
220
115
33
53
56
77
15
74
218
41
32
211
19
98
207
19
106
72
2
12
12
126
77
77
233
56
133
104
67
49
227
45
51
50
209
84
68
219
2
178
90
215
194
117
141
216
243
141
107
146
2
166
163
203
134
233
24
127
117
120
18
188
249
207
121
76
8
144
85
180
251
44
156
111
0
86
35
114
252
201
146
50
1
224
108
218
58
70
205
83
232
191
188
59
75
112
71
71
66
116
36
102
54
175
231
141
81
239
171
13
171
58
231
25
33
62
254
55
146
148
119
23
144
175
197
86
111
247
217
32
16
49
81
15
76
226
253
11
143
135
97
207
95
239
193
18
61
140
166
217
100
245
236
142
236
207
177
67
10
71
21
25
144
196
151
86
178
126
154
67
255
164
92
240
189
251
154
220
114
136
97
135
89
17
99
181
122
122
104
248
153
45
78
10
209
208
29
193
25
156
191
132
127
57
38
247
231
26
38
33
205
88
251
112
130
76
27
248
191
24
127
255
122
78
23
65
94
244
109
232
123
204
39
80
95
162
17
107
56
143
205
32
104
170
53
144
213
242
188
170
10
196
172
255
90
17
116
27
23
89
27
108
207
204
43
197
87
228
135
79
207
103
86
137
142
167
140
102
199
40
1
224
27
176
231
75
247
54
8
96
71
223
150
183
50
206
64
247
229
217
115
135
255
59
44
98
39
97
211
82
63
43
161
248
83
200
249
203
173
73
66
129
211
183
129
173
54
183
117
124
11
182
122
35
206
45
143
204
232
122
101
227
238
75
104
56
84
107
223
126
11
146
194
108
97
109
18
239
97
191
20
126
140
153
126
186
166
89
33
8
42
50
64
197
217
18
170
47
231
135
138
221
233
224
22
193
29
27
200
142
120
43
220
22
66
215
159
238
59
82
136
130
42
12
78
233
168
5
194
207
177
185
31
244
60
73
69
238
215
179
179
122
10
64
229
245
211
247
3
123
58
1
146
130
123
87
219
121
63
160
246
22
237
242
194
185
76
56
17
209
109
145
135
150
179
80