128
0
0
0
160
243
193
255
50
89
9
228
70
102
135
131
246
222
72
229
141
222
177
135
219
159
33
3
179
127
5
73
105
68
167
126
82
228
244
71
28
93
134
17
1
245
234
160
24
183
210
117
169
118
222
37
152
254
145
202
228
222
97
118
199
79
136
156
144
59
108
96
71
149
64
100
212
104
21
10
247
57
210
79
218
54
121
60
167
65
44
182
155
38
28
21
35
86
129
35
65
142
189
212
83
36
50
221
91
195
220
200
117
15
212
183
107
211
63
204
237
18
26
156
166
11
102
229
28
128
207
106
161
247
137
231
100
34
66
194
215
14
191
246
255
82
113
37
8
177
172
119
30
4
160
171
235
131
123
253
105
121
234
80
224
252
194
29
68
22
177
243
49
193
62
140
191
86
125
41
214
249
196
191
54
149
78
248
138
75
80
74
91
160
178
144
26
238
244
207
67
0
79
120
233
48
169
239
173
84
125
78
27
167
168
165
69
36
51
154
63
140
181
209
146
170
189
213
134
57
220
211
132
21
60
124
11
216
76
105
91
254
145
230
199
23
226
237
51
152
8
46
221
38
206
176
1
234
201
185
99
15
213
240
15
156
86
213
10
183
115
254
75
225
133
250
117
135
233
138
12
36
163
107
35
92
28
78
177
238
212
252
168
232
59
201
2
153
221
49
224
188
24
55
128
61
2
122
120
225
28
46
1
200
202
30
102
142
222
89
164
186
21
27
247
100
111
177
196
100
230
125
56
45
231
45
244
90
175
60
111
172
33
89
112
25
188
178
152
157
255
146
139
63
65
14
239
156
248
40
148
25
223
19
76
202
91
207
211
79
114
197
19
234
104
50
129
152
142
47
226
229
46
149
226
77
177
227
175
242
17
40
84
82
81
22
227
89
216
198
245
173
212
117
166
107
30
132
242
227
64
143
221
57
237
169
122
82
206
60
197
229
93
0
157
213
180
235
165
189
183
114
237
45
254
188
202
154
102
129
98
232
255
97
116
14
221
106
238
31
53
250
112
239
150
245
68
100
173
182
107
183
12
90
27
139
31
118
57
167
107
180
182
176
102
153
145
183
22
162
46
113
46
37
92
211
118
64
25
81
159
205
224
117
42
245
159
166
65
21
174
104
16
136
141
172
12
118
228
134
21
238
147
225
201
11
247
52
43
77
243
214
60
119
116
6
2
245
161
156
240
175
119
142
132
10
39
107
217
73
58
103
225
251
250
236
77
195
53
153
0
129
129
190
199
40
156
23
85
205
8
102
40
99
222
118
128
196
172
219
106
87
74
90
146
62
20
227
174
91
69
151
64
236
124
233
17
59
183
45
86
79
168
25
63
185
7
76
5
19
170
34
30
133
163
61
172
171
197
134
51
88
242
52
148
153
141
91
231
198
253
11
87
159
226
199
61
42
111
202
152
142
162
9
103
231
181
4
234
105
37
103
5
167
53
13
0
70
213
7
151
115
214
210
241
229
200
243
133
59
155
174
34
134
106
161
153
191
173
241
241
92
232
248
99
56
248
34
129
17
51
129
252
189
185
20
124
161
123
236
96
174
54
7
64
184
241
102
82
206
83
164
58
53
43
122
240
159
211
107
104
240
109
178
35
103
45
118
155
140
197
111
186
171
77
33
18
179
34
184
183
119
22
56
63
205
136
63
220
121
33
0
24
85
223
74
192
57
10
213
151
99
197
30
254
104
40
24
136
118
93
76
225
188
133
200
66
4
226
53
51
50
209
4
70
211
66
178
82
215
195
213
181
88
241
213
59
154
10
166
162
65
143
120
25
103
101
124
88
172
249
193
61
76
0
144
193
180
251
60
152
111
0
87
45
118
252
195
151
147
128
242
44
220
184
22
206
95
236
191
52
50
127
80
95
19
64
54
52
109
62
175
230
165
92
219
171
13
47
184
165
89
2
54
250
55
56
144
214
55
186
59
67
158
111
247
213
160
16
17
81
159
237
218
253
139
5
215
73
203
155
238
235
26
8
140
140
201
96
61
172
135
230
79
176
67
2
231
21
51
68
196
87
86
185
118
218
66
119
173
88
241
165
191
156
220
50
161
103
135
88
25
102
181
218
112
104
248
81
45
69
4
145
209
21
196
137
189
167
68
251
57
38
215
231
26
38
3
197
92
90
98
146
72
1
232
191
26
251
255
80
70
135
96
70
240
109
162
59
239
43
84
95
42
24
90
153
183
93
166
34
234
29
158
17
243
30
166
171
228
158
187
92
3
100
59
21
217
27
78
194
249
11
247
83
100
31
15
236
101
22
137
172
167
25
70
199
56
133
120
91
185
229
15
247
148
12
97
103
199
18
53
98
142
105
243
33
216
249
139
255
187
20
166
35
187
195
114
53
235
161
218
91
248
216
225
185
77
144
129
217
179
193
172
60
178
117
92
57
98
122
241
206
13
135
76
232
210
108
210
239
75
44
62
196
123
213
124
203
147
194
108
244
109
18
239
225
245
68
93
134
25
126
152
174
93
0
16
62
54
10
133
251
16
170
47
101
139
26
253
195
48
150
9
13
48
202
78
121
3
217
19
67
215
155
110
185
82
163
128
42
13
228
237
60
133
200
143
183
59
31
245
56
13
69
110
222
134
51
90
222
64
255
181
208
247
3
123
58
1
146
130
123
87
219
121
63
160
246
22
237
242
194
185
76
56
17
209
109
145
135
150
179
80
85
37
98
124
201
26
38
219
216
235
210
32
87
102
91
29
190
28
239
252
96
31
152
70
224
116
205
53
155
198
61
128
221
202
77
126
180
227
72
42
51
62
55
162
21
243
206
250
4
207
138
63
244
223
48
144
49
217
27
150
218
122
3
149
150
202
199
170
238
97
198
138
156
254
6
96
97
188
37
239
251
144
243
219
117
116
89
69
74
147
7
185
115
90
67
207
37
216
41
215
80
144
0
34
139
103
151
217
17
235
161
160
66
239
240
131
60
229
2
36
209
189
21
174
140
231
91
123
173
118
92
228
46
7
145
28
106
154
48
87
194
31
169
180
21
191
255
74
207
147
152
52
95
103
52
43
207
33
64
223
162
153
127
226
183
74
40
114
187
156
152
176
242
52
106
169
7
222
52
210
215
36
176
28
232
59
220
10
255
75
133
182
108
131
30
236
96
147
136
174
58
137
108
181
189
129
174
75
179
226
43
246
60
153
64
6
199
4
177
50
223
192
245
33
121
217
199
255
144
84
41
165
47
131
91
56
75
160
242
194
232
184
211
63
79
66
144
123
181
228
173
190
119
214
191
121
125
242
229
158
134
132
125
200
202
160
208
142
11
137
176
80
58
124
120
90
147
98
160
242
255
112
10
225
169
85
93
139
13
126
130
55
77
248
98
144
50
152
149
209
31
31
46
255
74
57
4
147
36
20
93
92
59
197
75
89
27
85
151
48
135
31
224
237
19
160
128
186
141
78
97
188
223
250
72
185
163
14
95
52
188
68
78
3
4
163
34
213
68
113
165
120
244
55
90
138
208
160
227
59
130
85
125
110
171
251
214
237
194
67
61
149
82
186
219
177
193