128
0
0
0
160
243
193
255
50
89
38
33
200
89
91
80
210
206
81
184
150
18
123
254
208
74
182
97
116
96
235
32
123
204
43
208
95
130
17
251
153
183
205
160
226
250
29
148
17
243
148
162
175
197
172
251
218
11
52
18
21
89
26
236
195
109
43
247
19
98
85
15
230
111
18
136
44
171
40
71
245
168
3
250
27
154
229
139
247
60
5
192
103
199
130
51
162
158
105
249
33
216
115
143
251
154
38
230
165
179
147
91
53
107
160
218
91
248
216
225
185
77
144
129
217
179
193
172
60
178
117
92
57
98
122
241
206
13
135
76
232
210
108
210
239
75
44
62
196
123
213
124
203
147
194
108
244
109
18
239
225
245
68
93
134
25
126
152
174
93
0
16
62
54
10
133
251
16
170
47
101
139
26
253
195
48
150
9
13
48
202
78
121
3
217
19
67
215
155
110
185
82
163
128
42
13
228
237
60
133
200
143
183
59
31
245
56
13
69
102
222
18
147
80
90
66
103
181
208
247
135
123
58
1
7
130
123
151
223
41
63
138
252
214
236
240
207
185
108
18
21
81
101
129
135
144
51
80
255
33
246
252
195
90
32
89
216
234
214
100
87
238
82
188
158
54
191
254
226
95
155
70
100
116
205
53
14
198
61
64
217
154
77
84
190
35
73
40
62
62
23
136
17
115
198
234
4
201
10
63
94
219
164
16
59
153
29
20
218
123
7
209
150
66
206
11
206
75
150
136
30
190
5
96
229
188
37
239
110
144
243
27
113
36
89
111
64
83
6
187
126
90
99
229
33
88
33
199
80
150
128
34
33
99
3
89
27
171
167
34
66
238
244
199
60
109
11
133
241
151
69
172
14
167
88
123
41
118
92
228
187
7
145
220
110
202
48
125
200
223
168
182
24
191
223
96
203
19
144
36
95
97
180
43
101
37
212
95
168
217
121
96
183
75
44
54
187
28
145
180
243
52
58
43
77
206
20
216
147
36
186
25
120
26
238
10
255
201
133
156
108
195
31
78
108
167
168
156
110
139
38
181
157
139
174
74
179
234
142
247
22
157
192
76
135
7
183
54
222
74
244
17
120
235
7
123
200
84
34
175
239
130
115
53
78
129
242
150
106
242
131
60
79
2
144
211
180
209
173
166
39
84
165
121
92
248
225
158
4
136
125
233
224
164
80
22
27
168
186
80
58
214
124
91
19
104
224
116
55
32
40
239
109
85
247
138
168
127
176
115
75
48
98
177
48
28
149
83
19
26
14
213
90
189
156
131
37
28
93
92
17
205
78
120
49
85
151
186
151
52
228
109
18
0
132
42
44
118
181
188
135
250
105
181
163
14
87
49
44
101
86
195
128
163
34
245
68
113
165
208
253
3
90
138
128
162
115
43
168
85
189
111
35
242
210
236
218
7
59
149
18
147
221
177
192
174
149
54
80
95
189
242
246
177
159
34
197
200
234
219
68
87
198
203
172
254
4
57
252
48
78
57
64
65
117
79
240
173
37
125
95
81
142
29
223
189
18
105
48
242
60
118
200
180
253
82
171
167
200
158
190
236
195
162
152
73
118
29
200
202
113
7
81
182
114
67
159
62
41
57
132
8
174
143
110
101
188
167
46
77
105
243
13
251
48
8
100
79
195
38
145
246
222
208
229
173
222
241
135
209
159
20
35
171
175
5
83
121
110
161
250
83
238
249
211
60
119
146
149
9
229
235
168
156
183
114
116
156
119
198
37
152
254
193
200
236
158
97
118
199
218
136
174
148
59
172
48
79
157
196
101
94
97
17
11
239
233
210
85
202
28
125
184
166
75
33
34
187
12
8
145
43
70
128
43
197
142
29
213
102
37
42
221
91
195
140
202
125
79
212
183
107
70
63
254
233
18
218
204
174
3
226
228
52
141
110
106
161
179
15
245
36
43
64
6
214
166
182
87
255
82
225
35
200
161
172
125
30
4
42
175
239
162
73
189
239
113
186
121
224
124
195
191
69
130
145
243
113
199
116
140
181
92
121
40
214
241
241
191
28
129
74
104
138
106
82
202
91
42
182
148
59
220
180
73
75
80
102
120
105
49
11
238
57
116
125
14
29
237
168
175
79
32
50
26
51
189
180
227
2
44
63
149
165
57
88
211
166
29
173
221
25
8
76
35
75
212
153
162
198
63
231
125
50
170
8
174
159
118
237
186
133
234
235
180
198
46
231
32
143
84
22
252
0
55
114
214
78
113
132
200
117
7
171
218
47
46
39
107
1
81
185
111
131
62
84
52
232
193
49
73
3
177
216
161
225
142
24
183
194
109
33
112
252
225
62
35
164
233
248
206
230
70
158
112
174
58
20
51
242
244
110
131
196
228
164
45
27
39
99
45
116
86
158
61
93
60
167
219
48
58
188
54
152
53
246
51
139
63
209
8
47
140
248
34
148
25
85
23
72
235
105
143
85
71
34
236
19
106
105
144
128
12
174
47
162
227
100
149
232
71
181
226
47
254
32
41
102
194
215
148
163
122
216
66
245
5
221
212
166
107
142
130
50
243
64
133
221
57
103
173
126
115
252
124
67
237
13
41
157
85
181
67
164
28
183
114
185
47
174
236
227
146
34
128
224
225
90
224
126
206
89
162
174
28
61
122
112
239
150
240
69
100
185
178
107
183
44
88
27
139
23
126
60
166
115
160
50
98
102
179
159
247
22
130
35
209
14
23
88
211
126
0
26
85
91
205
98
121
190
213
159
182
197
15
190
98
20
12
140
14
8
214
196
172
81
104
11
225
226
3
179
53
3
69
194
214
60
51
114
6
18
222
175
220
241
175
119
142
132
10
39
107
217
73
58
103
225
251
250
236
77
195
53
153
0
129
129
190
199
40
156
23
85
205
8
102
40
99
222
118
128
196
172
219
106
87
74
90
146
62
20
227
174
91
69
151
64
76
120
121
176
3
99
45
14
79
137
21
63
185
15
73
149
50
178
226
154
133
163
29
172
171
197
46
58
108
242
52
196
155
29
75
205
198
61
10
223
150
230
198
37
110
105
202
216
167
164
9
102
205
176
145
106
99
53
227
85
231
55
1
4
71
125
6
150
115
252
130
115
103
136
250
137
127
154
164
39
22
75
147
153
191
47
241
219
92
168
249
193
52
204
2
179
69
49
203
252
157
179
20
125
43
119
216
224
150
182
133
136
248
216
98
22
207
217
168
58
181
19
190
244
69
195
75
98
48
109
50
42
195
44
92
207
142
93
111
186
165
9
33
152
186
19
153
183
51
144
104
127
206
128
59
220
115
33
165
57
77
219
74
138
41
42
219
211
99
69
23
251
105
48
76
10
60
77
71
227
56
132
232
74
161
226
53
103
48
209
20
108
211
6
179
80
215
247
244
159
28
247
95
59
154
0
102
162
75
138
216
25
127
33
250
0
172
248
205
185
76
42
157
197
53
233
40
156
237
64
126
33
54
253
73
158
147
129
192
60
216
112
6
197
93
44
190
180
62
78
81
95
71
194
36
36
108
60
111
230
39
85
219
139
39
255
184
127
25
11
56
190
54