128
0
0
0
160
243
193
255
50
89
57
207
161
75
211
220
124
195
55
93
42
151
145
181
97
169
185
150
64
105
175
102
172
202
152
162
129
192
228
94
65
70
74
219
120
254
63
55
122
112
205
155
192
100
86
169
54
243
247
47
88
91
139
61
118
172
135
107
164
50
40
38
144
147
243
22
10
42
224
175
47
200
85
52
64
50
91
159
204
194
117
143
244
135
230
71
207
174
66
30
12
140
44
5
230
229
158
65
236
147
161
225
3
243
53
41
77
82
247
36
55
114
76
82
253
163
216
241
39
126
191
37
50
183
237
147
9
18
105
37
250
90
224
124
226
45
201
130
65
145
158
205
40
156
53
88
253
41
84
56
231
70
54
131
196
236
219
64
95
218
123
138
58
20
169
238
120
73
147
64
196
113
72
17
59
243
171
68
15
161
27
251
184
175
69
164
19
170
178
24
69
179
61
166
171
197
12
55
92
211
6
212
31
133
11
206
198
125
10
245
158
118
231
61
106
105
128
152
132
168
13
102
69
185
160
203
91
165
101
31
167
31
15
192
70
223
10
55
83
206
198
117
117
152
218
139
255
154
134
42
35
107
161
157
63
183
177
248
94
232
249
227
52
89
34
179
85
181
83
188
148
177
80
125
137
115
217
192
142
50
7
216
184
241
102
210
206
83
164
58
53
43
122
240
159
211
107
104
240
109
178
35
103
45
118
155
140
197
111
186
171
77
33
18
179
34
184
183
119
22
56
63
205
136
63
220
115
33
53
56
77
15
74
218
41
32
211
19
98
207
19
106
72
2
12
12
126
77
77
233
56
133
104
67
49
227
45
51
50
209
84
68
219
2
178
82
215
86
213
135
92
241
21
107
146
2
34
163
203
134
124
24
127
181
124
66
188
211
197
185
77
10
157
85
148
209
40
28
103
16
86
37
242
252
99
150
166
129
234
44
220
184
70
204
87
172
191
62
50
223
112
109
3
68
236
52
70
52
107
231
135
84
122
139
63
191
62
101
25
43
60
190
54
56
144
70
54
186
239
67
206
111
253
221
96
17
27
84
154
204
232
237
143
223
199
99
195
91
238
97
19
60
44
180
141
102
183
236
133
230
207
176
201
3
214
20
1
128
192
221
70
178
112
222
67
247
164
200
240
189
235
158
220
114
137
111
131
89
27
102
20
251
104
40
254
27
125
77
6
213
208
157
205
184
28
159
212
125
115
102
255
233
222
39
41
200
93
218
104
130
204
75
248
181
18
191
254
208
74
35
97
116
160
239
112
123
230
33
16
94
128
28
251
185
157
201
32
234
234
29
146
145
243
158
162
171
228
158
111
220
209
52
50
29
29
26
108
207
92
42
197
131
228
215
79
197
111
150
136
132
162
137
71
245
56
5
58
11
154
239
139
247
182
1
196
70
245
194
181
170
206
64
249
161
217
243
142
250
154
38
182
39
97
211
88
61
43
161
248
83
200
249
203
173
73
66
129
211
183
129
173
54
183
117
124
11
182
122
35
206
45
143
204
232
122
101
227
238
75
104
56
84
107
223
126
11
146
200
105
100
236
0
59
97
165
4
116
140
25
127
176
171
205
1
34
62
182
72
213
216
26
46
47
71
134
191
220
241
224
22
193
77
25
192
206
120
43
220
131
66
229
155
238
251
2
128
138
174
13
204
224
172
132
226
143
55
233
79
246
52
9
69
68
214
22
178
72
78
70
45
245
242
245
135
123
184
13
151
162
81
71
95
225
47
161
254
22
237
216
202
188
109
18
17
209
231
129
172
146
51
81
87
37
87
220
233
90
160
139
136
233
216
96
87
204
90
184
191
46
171
250
168
31
185
68
100
116
79
57
158
230
23
144
89
82
93
127
188
227
72
0
59
59
22
136
21
243
68
234
47
203
10
62
84
219
160
49
9
13
27
206
218
91
15
149
150
194
194
58
207
121
6
14
156
254
38
96
97
188
141
230
207
144
243
139
119
228
73
111
74
83
6
49
122
94
66
215
97
222
41
151
121
150
0
35
3
102
147
120
3
111
35
122
2
230
252
199
61
207
10
17
209
151
5
170
68
167
82
113
45
119
220
232
138
6
163
76
232
72
112
94
200
91
168
30
17
30
223
96
91
21
80
52
95
107
180
43
101
32
224
223
136
217
249
226
231
72
46
242
187
22
145
129
211
52
46
47
87
158
55
218
211
36
176
28
120
58
220
222
255
27
133
188
100
67
31
230
101
150
169
156
42
141
182
165
151
137
110
75
51
235
143
247
22
205
66
158
199
4
191
118
223
98
252
177
248
211
3
123
8
20
42
165
107
131
249
60
74
128
234
70
106
232
147
22
75
134
145
217
185
69
141
140
51
208
173
105
93
240
101
158
6
136
220
200
248
228
86
92
75
160
184
20
59
94
117
106
178
80
112
242
125
96
0
225
169
84
87
134
153
94
168
35
201
240
114
145
58
28
149
113
30
42
47
231
74
57
4
195
38
28
29
92
59
197
222
89
41
81
151
240
215
23
232
105
18
40
137
139
44
118
241
58
149
186
96
183
103
15
255
56
141
101
86
83
134
99
50
245
78
113
165
90
249
7
123
184
192
36
123
123
129
85
61
110
137
243
210
108
208
195
63
71
18
153
215
49
193
12
153
7
113
109
253
244
188
177
159
42
197
201
226
219
228
87
244
219
168
102
68
16
244
116
79
187
76
112
244
69
180
43
189
61
87
87
202
28
215
184
18
73
40
230
184
38
200
158
245
146
170
143
192
62
30
204
7
166
80
73
92
23
136
203
115
10
81
150
88
71
31
54
57
57
130
136
174
37
106
241
60
173
110
75
235
243
12
255
116
8
236
70
98
6
187
166
220
82
165
174
222
117
135
219
159
180
3
179
191
1
25
105
110
173
190
83
230
249
71
60
119
130
145
9
229
234
166
152
183
120
113
61
246
212
101
158
124
145
203
224
154
97
254
206
238
168
182
192
57
238
32
68
149
196
100
212
104
128
10
247
249
214
31
218
28
115
252
166
67
33
182
187
12
24
149
43
70
129
37
193
142
23
208
199
164
56
157
93
65
220
201
113
75
212
61
98
226
30
204
169
148
74
220
165
3
98
229
28
128
95
107
161
35
137
183
100
40
74
2
214
4
186
243
222
96
97
33
210
161
134
127
222
4
32
162
79
130
81
169
107
225
234
80
238
184
194
191
77
134
48
249
245
69
166
204
188
86
57
41
116
253
197
159
46
17
204
168
202
98
84
142
90
2
190
49
58
220
176
201
81
16
111
122
105
48
139
226
152
116
79
74
155
63
232
134
71
100
51
56
62
141
149
209
210
44
189
133
175
57
88
210
38
17
9
92
33
92
206
161
91
255
147
98
199
61
231
220
19
178
72
168
213
38
229
184
193
235
107
184
98
47
231
180
9
22
6
215
8
55
115
246
78
225
37
240
117
135
33
138
7
42
227
106
43
89
140
111
169
46
80
252
168
200
59
201
2
49
212
5
224
188
72
53
16
45
40
122
184
224
148
39
5
201
210
90
96
142
158
112
162
186
20