128
0
0
0
160
243
193
255
50
89
213
55
98
118
158
222
237
18
130
156
134
11
38
229
28
128
207
106
161
247
137
231
100
34
66
194
215
14
191
246
255
82
113
37
8
177
172
119
30
4
160
171
235
131
123
253
105
121
234
80
224
252
194
29
68
22
177
243
49
193
62
140
191
86
125
41
214
249
196
191
54
149
78
248
138
75
80
74
91
160
178
144
26
238
244
207
67
0
79
120
233
48
169
239
173
84
125
78
27
167
168
165
69
36
51
154
63
140
181
209
146
170
189
213
134
57
220
211
132
21
60
124
11
216
76
105
91
254
145
230
199
23
226
237
51
152
8
46
221
38
206
176
1
234
201
185
99
15
213
240
15
156
86
213
10
183
115
254
75
225
133
250
117
135
233
138
12
36
163
107
35
92
28
78
177
238
212
252
168
232
59
201
2
153
221
49
224
188
24
55
128
61
2
122
120
225
28
46
1
200
202
30
102
142
222
89
164
186
21
27
247
100
111
177
196
100
230
125
56
45
231
45
244
90
175
60
111
172
33
89
112
25
188
178
152
157
255
146
139
63
65
14
239
156
248
40
148
25
223
19
76
202
91
207
211
79
114
197
19
234
104
50
129
152
142
47
226
229
46
149
226
77
177
227
175
242
17
40
84
82
81
22
227
89
216
198
245
173
212
117
166
107
30
132
242
227
64
143
221
57
237
169
122
82
206
60
197
229
93
0
157
213
180
225
165
136
151
114
249
41
228
236
233
152
38
129
104
237
255
65
70
218
221
184
238
63
61
122
112
71
159
196
69
100
233
176
251
167
6
88
219
138
159
119
56
167
107
228
52
98
38
154
153
247
23
138
38
209
174
29
88
211
182
0
17
91
27
204
106
124
46
244
135
118
65
15
190
66
20
12
140
166
1
226
196
172
1
106
155
241
200
3
115
52
139
76
198
215
36
119
116
6
82
247
169
220
240
173
114
187
4
0
51
111
11
25
18
107
225
250
248
236
221
194
31
141
132
83
129
190
207
168
156
23
85
200
9
102
60
103
222
118
160
198
172
219
98
95
79
91
138
42
144
49
174
113
75
215
64
108
117
217
144
49
103
45
6
15
138
17
251
185
141
69
1
18
178
242
30
159
179
23
168
47
196
140
62
204
210
30
128
29
133
75
230
206
121
11
247
158
215
198
37
42
111
202
200
140
170
73
103
205
176
145
106
99
53
227
85
231
55
1
4
71
127
6
6
114
214
150
247
181
136
250
129
255
154
164
39
19
74
147
141
187
47
241
251
94
168
249
201
60
201
3
171
81
181
25
252
183
189
84
125
161
126
120
192
142
118
129
202
248
248
100
22
207
251
173
155
53
43
234
246
95
195
107
98
240
109
56
39
99
12
68
219
10
205
63
147
171
205
32
176
178
182
152
183
55
16
114
63
199
130
59
221
209
45
145
25
127
143
72
192
41
10
209
211
98
197
30
202
104
26
24
136
238
29
100
231
252
132
64
75
148
226
45
55
178
203
20
77
217
2
179
210
219
247
213
181
24
119
199
43
187
10
102
162
227
142
73
184
95
177
124
218
188
211
197
57
77
10
157
85
148
209
40
28
103
16
86
37
242
252
99
150
166
129
234
44
220
184
70
204
87
172
191
52
50
234
80
109
23
64
246
100
101
54
43
231
135
81
79
139
21
187
62
173
9
33
50
186
55
154
148
227
23
144
191
193
86
111
246
215
36
16
59
84
174
205
240
189
13
13
215
98
195
91
239
73
27
9
172
190
141
102
183
252
133
228
207
176
201
3
214
20
1
128
192
221
70
178
112
222
67
247
164
200
240
189
235
158
220
114
137
111
131
89
27
102
20
251
104
40
254
27
125
77
6
213
208
149
200
45
188
167
208
125
123
54
252
239
26
39
9
192
108
251
112
6
206
89
184
156
16
123
255
208
74
182
97
116
96
235
32
123
204
43
208
95
130
17
251
153
183
205
160
226
250
29
148
17
243
148
162
175
197
172
251
218
11
52
18
21
89
26
108
199
105
42
239
151
224
71
79
228
109
22
136
14
166
141
102
199
120
131
50
91
179
239
11
246
20
0
80
102
245
130
179
224
206
74
243
165
216
81
130
94
187
20
54
37
123
211
114
63
235
161
120
95
88
120
193
249
203
88
209
208
187
1
173
188
190
68
93
11
242
252
115
142
46
135
200
232
122
101
115
239
75
188
56
4
107
213
118
203
147
72
104
240
76
32
175
103
253
20
116
134
153
127
58
175
201
32
16
126
48
64
133
241
26
174
46
229
135
43
252
241
160
16
139
77
19
202
202
121
171
208
178
67
215
11
104
121
66
163
138
42
13
110
233
56
164
250
207
49
51
79
220
56
141
68
102
222
18
147
80
90
66
103
181
208
247
135
123
58
1
7
130
123
151
223
41
63
138
252
214
236
240
207
185
108
18
21
81
101
129
135
144
51
80
255
33
246
252
195
90
32
89
216
234
214
100
87
238
82
188
158
54
191
254
226
95
155
70
100
116
205
53
14
198
61
64
217
154
77
84
190
35
73
40
62
62
23
136
17
115
198
234
4
201
10
63
94
219
164
16
59
153
29
20
218
123
7
209
150
74
206
159
110
65
18
138
134
190
5
96
97
188
37
239
251
144
243
219
117
116
89
69
74
147
7
185
115
90
67
207
37
216
41
215
80
144
0
34
139
103
151
217
17
235
161
160
66
239
240
131
60
229
2
36
209
189
21
174
140
231
91
123
173
118
92
228
46
7
145
28
106
154
48
87
194
31
169
180
21
191
255
74
207
147
152
52
95
103
52
43
207
33
64
223
162
153
127
226
183
74
40
114
187
158
152
32
243
30
126
45
213
222
52
218
87
36
176
28
237
58
220
30
251
75
133
150
110
131
30
228
104
150
137
182
46
13
190
181
151
143
238
75
153
239
27
119
28
141
68
28
199
5
187
50
223
234
245
16
216
249
83
121
138
84
41
165
239
131
249
60
223
128
234
134
110
184
147
60
65
70
144
219
180
69
173
166
55
80
165
121
93
246
229
158
14
141
220
104
242
228
86
148
75
171
182
84
58
84
112
106
146
98
164
242
175
96
32
233
41
84
255
143
168
95
168
103
207
96
98
155
56
220
148
241
31
43
47
231
26
187
214
131
37
20
93
93
25
205
238
120
3
69
147
34
215
29
236
41
19
10
140
42
172
78
165
56
143
186
64
183
167
15
245
53
45
69
78
71
2
243
98
220
64
181
164
114
241
162
122
184
196
164
97
59
136
87
61
111
1
255
231
204
232
3
187
13
82
176
223
241
192
46
148
162
80
95
237
240
110
161
191
32
5
201
234
219
112
87
244
203
172
102
68
17
250
112
79
177
73
209
117
87
244
45
63
109
84
91
206
28
95
177
38
105
48
178
186
100
216
149
253
146
171
7
201
154
191
244
87
36
74
9
94
19
140
203
209
11
96
151
106
19
29
254
57
25
142
8
174
173
99
85
157
149
62
201
241
179
14
251
112
8
78
71
83
7
137
242
222
154
165
142
210
245
135