128
0
0
0
160
243
193
255
50
89
59
94
112
254
18
112
224
116
103
32
3
225
109
84
255
143
56
94
168
179
207
48
98
145
48
28
149
251
26
46
14
213
10
191
12
147
15
28
157
93
153
196
74
121
41
17
145
186
215
29
226
109
19
168
133
186
45
68
97
188
23
250
67
183
227
15
87
49
44
101
86
195
128
163
34
245
68
113
165
208
253
3
90
138
128
162
115
43
168
85
189
111
35
242
210
236
218
7
59
149
18
147
221
177
192
140
149
163
112
95
173
118
110
241
150
32
129
200
72
223
69
119
222
79
46
174
68
16
248
244
79
155
76
224
85
125
180
171
55
109
127
83
14
29
253
176
39
73
2
246
188
238
136
151
255
18
171
15
204
154
31
254
87
36
130
9
85
29
204
202
217
14
240
182
114
211
153
254
57
57
142
8
174
5
106
97
157
149
110
203
97
163
36
251
176
9
198
78
87
6
145
182
216
154
229
167
212
245
134
91
147
16
2
129
239
131
203
41
103
167
250
82
76
253
230
28
93
22
23
193
229
234
170
24
183
88
113
173
87
236
101
30
246
193
227
228
94
96
212
198
219
168
156
208
61
38
96
77
159
68
101
84
100
36
11
197
169
84
205
154
21
121
184
167
233
37
23
155
38
140
19
227
70
129
41
65
142
55
208
87
5
0
157
221
203
140
225
117
143
213
21
106
71
31
204
173
20
80
156
172
1
98
228
156
140
254
107
147
103
15
101
36
1
66
70
215
166
182
87
255
82
225
35
200
161
172
125
30
4
42
175
239
162
73
189
239
113
186
121
224
124
195
191
69
130
145
243
113
199
116
140
181
92
121
40
86
245
245
190
4
5
200
122
202
104
80
206
91
8
187
49
26
238
100
201
131
16
79
114
233
48
35
235
169
117
79
14
157
175
248
140
69
164
50
56
62
24
149
209
210
172
247
213
140
51
216
210
14
25
56
93
57
92
206
241
75
254
147
34
199
181
238
76
19
170
76
40
207
54
238
178
129
234
235
180
86
47
231
244
143
4
22
246
8
247
115
220
75
116
165
250
101
3
113
202
5
38
231
107
139
88
141
207
187
122
82
190
168
195
49
201
3
187
221
148
225
164
88
49
90
61
40
116
252
224
156
39
145
201
210
74
100
142
158
113
172
190
20
25
247
197
78
169
132
98
172
45
48
47
163
44
124
83
158
157
87
60
167
19
48
49
178
118
153
61
243
163
170
39
17
140
47
140
216
34
148
25
253
30
124
235
105
223
87
215
50
198
19
170
104
24
137
8
175
55
230
229
100
213
193
65
181
227
135
255
176
40
84
22
215
4
163
80
218
2
244
5
221
212
166
107
142
130
50
243
64
133
221
57
103
173
126
115
252
124
67
237
13
41
157
85
181
67
164
28
183
114
185
47
174
236
227
146
34
128
202
225
91
96
116
90
223
162
238
21
63
186
112
77
146
100
101
124
253
52
107
247
47
86
31
139
183
127
157
166
107
224
180
120
102
147
155
247
22
10
42
112
174
47
28
85
100
64
56
83
95
205
66
116
27
84
167
114
65
151
190
66
20
140
140
166
1
226
196
172
1
106
155
241
200
3
115
52
139
76
198
215
36
119
116
6
82
247
169
220
240
167
114
142
36
0
39
107
17
73
49
105
161
250
248
233
232
194
53
137
132
155
145
180
193
172
157
181
81
109
40
76
108
229
70
118
171
204
232
218
66
95
123
90
146
122
18
227
190
112
75
215
65
68
125
236
16
59
103
45
6
31
138
19
251
185
141
69
1
18
178
242
30
159
179
23
168
47
196
140
62
204
210
30
128
29
133
75
230
206
121
11
247
158
215
198
37
42
111
202
200
140
170
73
103
197
181
4
202
91
49
227
93
183
52
7
192
71
95
14
55
83
206
18
245
167
200
211
131
59
155
164
39
134
74
147
77
191
127
241
209
84
104
248
203
49
201
35
129
85
53
17
236
183
187
212
125
171
126
124
225
188
226
135
16
248
216
108
82
207
251
165
174
53
1
254
242
207
195
74
96
112
109
178
35
103
45
118
155
140
197
111
186
171
77
33
18
179
34
184
183
119
22
56
63
205
136
63
220
115
33
53
56
77
15
74
218
41
32
211
19
98
69
18
90
233
16
76
10
244
77
103
235
124
132
202
66
165
195
45
115
52
155
84
78
209
6
179
210
219
103
212
181
204
119
151
43
177
2
166
163
99
143
221
24
127
37
122
130
172
211
207
185
77
128
153
81
181
227
104
154
111
64
127
37
114
253
193
151
50
161
234
108
218
242
70
198
93
168
190
180
62
219
81
95
135
198
116
36
70
54
175
231
37
88
219
171
13
251
56
119
9
11
62
62
54
184
156
231
54
136
171
197
28
47
212
213
36
16
185
88
62
237
218
109
141
197
199
73
193
155
238
97
30
12
173
190
137
230
53
252
174
230
207
177
97
7
119
52
43
128
64
15
22
177
126
218
67
213
172
204
209
165
255
154
150
50
171
109
131
89
153
106
132
219
66
248
126
211
109
102
4
21
209
189
205
40
189
167
212
253
249
54
215
237
26
38
3
192
104
218
66
146
200
131
184
188
24
63
255
88
70
19
192
76
116
111
58
59
239
43
208
95
42
24
207
153
183
157
162
114
234
55
148
209
242
28
171
171
196
180
191
220
11
116
59
19
89
27
228
198
109
139
253
19
98
157
15
237
97
82
137
36
174
184
102
237
104
135
250
27
186
229
139
247
148
12
244
103
199
210
49
50
142
67
249
225
217
251
134
255
155
62
162
163
179
211
114
51
107
161
210
94
248
120
235
185
77
88
129
210
189
129
173
52
183
229
125
33
162
254
241
206
45
135
76
232
122
101
230
239
75
124
60
84
107
255
124
11
146
74
101
240
108
10
171
231
245
4
116
128
25
127
144
171
93
160
26
62
54
194
133
240
30
234
46
109
142
138
220
219
240
18
9
13
16
202
78
121
171
208
39
67
215
203
108
41
66
137
128
234
12
108
228
56
132
208
203
177
59
95
220
62
13
68
110
219
18
51
90
90
66
175
181
219
249
199
122
48
4
7
162
73
67
223
251
63
170
244
86
236
88
198
136
109
18
81
87
245
145
141
146
243
81
127
32
247
252
195
10
162
139
152
233
222
36
86
204
90
140
191
28
171
250
48
95
145
66
36
117
239
48
175
70
5
20
219
128
77
116
190
227
73
34
51
158
55
144
5
247
86
186
45
199
206
62
118
211
1
17
59
157
157
14
154
114
5
209
151
194
194
170
206
121
210
14
204
254
44
104
161
189
7
226
94
177
193
203
113
166
73
101
64
83
7
177
115
206
67
207
53
220
41
215
81
158
4
34
129
98
54
88
3
171
167
34
18
236
252
135
60
109
11
16
241
165
65
172
206
247
80
115
173
119
212
237
138
166
169
76
232
128
112
85
198
27
169
22
20
142
254
120
155
145
80
52
127
107
180
43
71
40
228
126
154
201
253
248
247
72
44
118
187
60
153
17
242
44
42
47
29
222
20
214
215
36