128
0
0
0
160
243
193
255
50
89
188
37
234
250
48
211
139
247
62
25
108
64
151
6
19
119
251
99
229
177
94
225
215
80
156
128
34
171
103
7
120
41
235
33
42
18
199
244
71
61
207
10
17
209
151
5
170
68
167
82
113
45
119
220
232
138
6
163
76
232
72
112
94
200
91
168
30
17
30
223
96
91
21
80
52
95
107
180
43
239
33
208
126
154
153
255
104
231
98
44
182
186
180
144
21
243
52
110
41
29
158
61
208
215
37
48
16
73
59
238
78
121
153
197
159
100
199
31
78
108
55
169
156
186
139
118
181
151
131
110
75
185
239
139
214
36
141
196
150
151
45
191
246
222
192
253
37
216
211
67
125
66
20
32
175
111
130
121
48
123
129
216
214
236
106
211
53
75
2
145
113
176
228
141
140
163
214
109
121
93
250
101
158
46
141
76
201
202
228
214
30
27
131
178
144
59
124
120
207
147
98
160
114
181
32
41
235
41
85
127
131
9
95
154
35
73
178
34
178
48
152
149
83
19
143
14
213
154
185
204
131
15
22
157
93
19
192
78
88
27
81
23
178
135
52
226
237
18
10
132
46
13
68
33
186
93
250
73
189
231
14
215
61
29
100
100
83
6
33
98
214
68
245
165
120
244
162
90
138
16
164
179
59
168
95
189
111
169
246
214
205
232
71
189
157
66
186
221
49
193
46
148
55
80
95
237
112
36
241
156
42
133
201
200
211
116
118
236
223
168
44
4
51
248
112
79
51
69
65
85
125
36
173
247
125
127
89
14
29
119
180
35
104
48
182
58
230
216
190
255
146
170
173
205
14
63
254
23
34
200
9
95
23
200
203
89
2
193
183
64
67
31
124
121
26
142
140
174
173
99
192
157
149
254
205
161
179
36
241
176
9
76
74
83
39
163
246
94
146
181
142
212
117
135
249
146
132
34
129
175
133
129
41
109
173
254
83
198
241
226
61
111
146
149
89
245
234
168
220
183
250
125
12
119
222
33
24
228
209
195
230
222
96
246
203
238
136
174
212
189
190
32
110
157
4
101
118
100
177
43
197
185
208
85
218
28
123
252
167
65
33
134
26
44
24
149
161
70
170
35
65
143
21
208
242
4
24
221
219
17
140
203
123
11
212
149
99
215
30
212
249
22
80
220
132
9
102
229
158
140
95
74
139
39
9
47
116
9
64
2
214
46
191
102
94
106
113
165
130
225
132
115
218
5
138
163
222
131
81
237
109
177
170
89
234
124
195
157
72
178
176
193
97
67
236
204
182
92
57
40
124
253
101
159
28
1
200
48
138
75
92
202
91
32
182
144
26
238
32
79
145
80
70
112
45
49
139
226
8
117
79
158
155
111
232
140
79
164
50
178
58
28
180
227
146
42
255
133
165
51
88
211
166
24
153
93
57
8
204
161
27
215
155
102
198
29
231
232
18
170
24
42
7
54
228
184
193
234
73
176
199
14
255
164
13
4
86
213
4
243
115
116
66
208
164
250
49
1
185
202
15
44
167
107
35
92
140
79
177
58
212
172
168
226
51
9
3
25
220
165
64
156
140
49
216
45
2
112
248
225
150
42
5
233
248
94
224
134
142
112
164
58
20
185
246
240
79
177
132
98
172
125
50
39
227
44
116
86
158
61
93
60
167
219
48
58
188
54
152
63
246
6
171
39
1
8
53
156
210
36
16
24
95
26
220
203
67
155
209
79
50
237
27
238
105
48
129
57
175
55
162
227
100
197
234
79
245
226
47
254
181
41
84
198
215
84
243
114
208
198
244
143
212
208
167
115
94
130
40
227
106
129
89
56
109
160
234
83
214
104
199
229
29
40
149
209
181
227
165
41
182
106
185
47
174
188
225
154
98
128
232
225
91
64
70
78
91
250
254
20
53
122
113
199
155
196
69
100
61
48
41
247
15
80
31
139
189
122
157
134
89
52
180
170
102
179
147
119
22
162
35
65
175
47
88
83
244
80
50
81
159
204
72
113
139
213
181
166
193
199
254
107
30
140
141
14
0
118
196
134
133
104
203
225
233
11
243
52
139
76
198
215
36
119
116
6
82
247
169
220
240
167
114
142
36
0
39
107
17
73
49
105
161
250
242
233
221
226
45
89
132
129
129
158
199
40
156
53
93
201
169
116
56
103
196
102
128
198
40
219
64
95
218
123
138
58
20
169
238
120
73
147
64
196
113
72
17
59
243
171
68
15
161
27
251
184
175
69
164
19
170
178
24
69
179
61
166
171
197
12
55
92
211
6
212
31
133
11
206
198
125
10
245
158
118
231
61
106
105
128
152
132
168
13
102
69
185
160
203
91
165
101
31
167
31
15
192
70
223
10
55
83
206
198
117
117
152
218
139
255
154
36
43
183
75
161
221
57
253
177
242
84
236
248
99
56
104
35
129
197
51
209
252
183
177
212
125
33
122
120
192
142
162
1
24
168
241
108
210
206
217
160
62
20
25
58
118
151
131
66
104
112
108
16
34
243
13
118
219
138
143
111
176
161
73
32
146
191
19
185
133
231
144
186
127
238
136
187
220
219
40
148
56
77
159
76
26
57
32
217
19
98
69
23
110
105
48
76
138
118
29
100
233
184
132
194
66
49
99
39
247
54
3
84
78
209
130
179
210
219
242
212
181
12
115
199
43
155
8
102
162
97
130
221
56
85
33
250
138
188
211
201
57
77
42
157
197
53
233
40
156
237
64
126
33
54
253
73
158
147
129
192
60
216
112
6
197
93
44
190
180
62
78
81
95
71
194
36
36
108
60
111
230
39
85
219
139
39
255
184
127
25
11
56
190
54
176
153
231
150
130
171
197
212
47
223
219
100
17
177
93
174
204
194
173
9
197
199
105
193
155
238
201
23
56
173
190
217
228
165
236
132
230
15
176
233
14
115
53
51
196
70
15
86
152
120
218
66
221
169
204
113
175
255
154
94
50
160
99
195
88
145
111
20
250
90
56
250
211
109
70
4
21
209
21
196
28
189
167
132
255
105
38
253
237
218
39
139
201
108
219
90
214
206
131
248
149
30
63
254
88
67
135
192
76
240
109
106
59
228
37
20
94
32
29
90
185
133
137
166
240
234
61
150
145
243
182
175
154
229
158
255
90
147
116
49
23
25
26
206
195
248
11
247
3
230
205
79
239
109
86
136
142
175
41
103
237
44
129
170
91
179
225
79
246
182
9
192
231
255
70
55
120
142
73
243
225
216
243
134
95
155
12
178
167
43
147
91
59
47
160
80
82
201
249
225
253
203
192
193
218
187
197
172
60
178
229
93
57
182
122
161
206
7
143
140
233
88
104
67
206
121
108
56
134
123
223
118
203
146
66
101
100
108
10
187
227
245
4
117
142
29
127
154
174
252
33
8
126
48
64
213
243
18
238
46
229
135
190
252
195
164
16
75
29
27
194
78
120
35
217
131
226
239
155
238
51
2
139
132
238
12
206
229
9
133
226
159
179
243
95
252
50
141
68
230
210
182
146
98
10
192
181
245
217
253
195
122
144
5
166
162
81
3
89
225
63
138
240
86
236