128
0
0
0
160
243
193
255
50
89
172
60
183
225
252
25
242
252
235
142
14
135
136
232
122
101
115
239
75
188
56
4
107
213
118
203
147
72
104
240
76
32
175
103
253
20
116
134
153
127
58
175
201
32
16
126
48
64
133
241
26
174
46
229
135
43
252
241
160
16
139
77
19
202
202
121
171
208
178
67
215
11
104
121
66
163
138
42
13
110
233
56
164
250
207
49
51
79
220
56
141
68
196
223
134
179
80
26
68
45
181
218
253
131
122
186
13
54
131
73
7
89
171
127
169
252
82
236
88
198
24
108
18
133
87
165
145
135
154
51
80
117
37
242
221
241
26
166
81
136
195
214
228
86
76
83
40
190
54
255
248
168
95
145
76
96
117
77
57
63
199
15
208
95
24
13
119
190
167
73
128
55
159
23
136
129
117
6
250
4
195
10
63
212
223
160
49
9
217
155
28
138
82
7
81
151
224
207
159
238
75
214
142
84
190
15
106
225
189
165
227
95
145
193
139
247
166
25
76
64
215
6
19
119
251
99
229
177
94
225
215
80
156
128
34
171
103
7
120
41
235
33
42
18
199
244
71
61
207
10
17
209
151
5
170
68
167
82
113
45
119
220
232
138
6
163
76
232
72
112
94
200
91
168
30
17
30
223
96
91
21
80
52
95
107
180
43
239
33
208
126
154
153
255
104
231
98
44
182
186
180
144
21
243
52
110
41
29
158
61
208
215
37
48
16
73
59
238
78
121
153
197
159
100
199
31
78
108
55
169
156
186
139
118
181
151
131
110
75
185
239
139
214
36
141
196
150
151
45
191
246
222
192
253
37
216
211
67
125
66
20
32
175
111
130
121
48
123
129
216
214
236
106
211
53
75
2
145
113
176
228
141
140
163
214
109
121
93
250
101
158
46
141
76
201
202
228
214
30
27
131
178
144
59
124
120
207
147
98
160
114
181
32
41
235
41
85
117
131
60
127
154
55
77
168
114
145
50
216
149
89
22
143
46
231
78
185
30
131
47
30
29
93
187
201
127
89
27
21
17
34
151
62
224
45
19
138
133
47
13
68
113
56
143
186
74
181
167
15
255
53
189
228
92
87
6
225
34
222
78
113
164
242
253
166
91
146
192
164
169
43
130
91
57
110
163
251
66
237
194
83
57
149
82
187
213
181
193
142
149
2
81
71
237
112
36
161
158
34
197
201
192
214
116
214
230
223
168
228
4
56
246
48
78
59
64
209
116
101
228
41
247
125
95
89
14
29
223
189
23
104
48
230
56
118
200
148
255
82
171
37
196
10
62
230
83
36
200
73
118
17
200
202
241
3
81
182
114
151
31
236
121
48
140
204
175
173
99
192
157
149
254
205
161
179
36
241
176
9
76
74
83
39
163
246
94
146
181
142
212
117
135
249
146
132
34
129
175
133
129
41
109
173
254
83
238
241
66
61
111
150
21
219
229
192
168
216
183
82
124
13
119
244
113
154
102
145
202
234
154
97
252
206
126
169
156
212
189
60
32
68
157
68
100
212
104
133
11
247
237
210
31
218
60
113
252
166
193
45
34
59
6
136
19
123
70
129
41
193
142
55
208
87
5
0
157
221
203
140
225
117
143
213
21
106
71
31
204
173
20
80
156
172
1
98
228
156
140
254
107
147
103
15
101
36
1
66
70
215
172
182
98
223
74
49
35
210
177
134
123
154
5
32
162
123
130
99
169
107
121
170
120
232
248
195
31
68
183
144
235
113
199
116
220
183
84
57
40
86
245
96
190
54
1
200
186
154
96
88
74
90
130
178
53
27
246
180
201
153
0
101
118
109
49
41
230
61
85
101
26
25
167
232
141
77
32
50
152
63
45
148
201
210
172
247
133
142
59
152
210
4
25
152
125
11
76
202
43
75
213
153
230
198
151
230
237
51
152
220
174
15
118
199
184
197
235
235
180
198
46
231
32
143
84
22
252
0
55
114
214
78
113
132
200
117
7
171
218
47
46
39
107
1
81
185
111
131
62
84
52
232
193
49
73
3
49
220
165
224
150
156
53
208
45
35
114
248
225
28
46
1
200
202
30
102
142
222
89
164
186
21
27
247
100
111
177
196
100
230
125
56
45
231
45
244
90
175
60
111
172
33
89
112
25
188
178
152
23
254
162
42
45
1
8
101
156
210
42
208
24
125
18
216
234
91
143
213
5
114
207
25
238
105
178
141
169
143
29
114
99
172
213
193
77
53
227
7
251
176
40
84
194
87
214
243
89
210
198
245
39
208
113
135
89
94
2
250
179
105
143
93
56
79
168
238
114
206
124
195
175
93
10
151
209
181
97
169
185
150
64
105
175
102
172
202
152
162
129
192
228
94
65
70
74
219
120
254
63
55
122
112
111
154
84
68
86
233
48
185
247
37
82
95
138
189
122
157
134
89
52
180
170
102
179
147
119
22
162
35
65
175
47
88
83
244
80
50
81
159
204
72
113
139
213
181
166
193
199
254
107
30
140
141
142
4
114
197
158
1
234
217
161
235
9
247
52
169
65
99
246
22
167
244
206
18
222
163
92
241
143
119
30
37
50
39
235
83
25
18
99
37
250
208
228
120
195
31
137
4
73
193
183
205
168
157
159
89
253
169
94
252
227
148
54
137
206
108
218
192
83
126
122
184
106
150
123
174
113
67
215
65
110
117
233
49
17
103
45
140
15
161
23
123
184
143
69
52
178
146
178
152
207
227
21
162
111
196
38
63
105
211
44
196
27
77
75
199
204
253
11
117
146
210
230
15
58
235
82
216
141
162
73
103
239
189
1
235
113
49
227
215
167
31
3
64
70
255
10
167
242
246
198
245
255
200
242
143
59
155
172
34
22
107
139
141
59
127
241
241
84
104
248
99
56
253
35
129
5
55
129
252
157
187
20
124
35
119
120
224
164
166
129
16
184
241
106
82
206
115
164
170
148
19
122
112
21
131
67
108
52
108
152
43
82
45
92
139
136
13
47
179
161
205
32
146
191
134
185
133
39
148
234
127
196
130
123
221
217
37
148
24
103
155
204
18
41
32
223
147
98
239
19
250
233
58
12
140
244
29
101
237
252
132
64
75
148
226
45
55
178
203
20
77
217
2
179
210
219
247
213
181
24
119
199
43
187
10
102
162
105
138
216
57
77
53
126
88
188
249
199
121
77
0
144
245
180
201
60
152
247
64
127
43
54
253
99
158
162
32
224
168
94
106
6
197
93
236
190
22
58
218
113
71
3
68
36
100
111
50
107
230
135
84
122
139
63
191
62
101
25
43
60
190
54
56
144
70
54
186
239
67
206
111
253
221
96
17
155
85
14
204
232
189
141
71
215
67
193
155
239
107
19
152
141
148
157
98
61
236
175
238
75
177
193
6
66
53
51
128
64
15
70
179
118
154
67
213
172
89
209
151
251
154
86
98
163
101
7
88
17
99
181
122
122
104
248
153
45
78
10
209
208
29
193
25
156
191
132
127
57
38
247
231
26
38
33
205
88
251
112
130
76
27
248
191
24
127
255
122
78
23
65
94
244
109
232
123
204
39
80
95