128
0
0
0
160
243
193
255
50
89
43
71
45
229
222
186
153
127
178
183
97
38
114
186
150
157
176
210
6
190
169
213
222
20
218
87
36
24
21
217
58
220
78
249
219
149
188
110
67
31
108
97
146
136
174
106
11
190
245
190
137
238
74
145
234
27
215
22
141
68
212
199
14
181
114
222
226
240
128
249
225
147
253
138
84
9
165
239
131
81
53
235
128
234
214
108
40
131
22
65
134
145
83
189
65
172
190
115
86
165
57
116
240
229
159
6
136
220
200
248
228
86
92
75
160
184
20
59
94
117
106
178
80
112
242
125
96
0
225
169
84
87
134
153
94
168
35
201
240
114
145
58
28
149
113
30
42
47
231
74
57
4
195
38
28
29
92
59
197
222
89
41
81
151
240
215
23
232
105
18
40
137
139
44
118
241
58
149
186
96
183
103
15
255
56
141
101
86
83
134
99
50
245
78
113
165
90
249
7
123
184
192
36
123
123
129
85
61
110
129
243
70
204
218
71
61
223
18
153
215
181
193
12
153
146
113
109
61
240
236
177
181
32
5
200
224
214
228
119
222
223
40
110
84
16
242
244
79
17
72
228
116
79
244
45
63
61
86
83
142
28
95
177
179
105
2
182
186
164
136
157
245
22
170
143
192
171
30
204
199
162
0
73
118
29
72
202
113
7
81
182
114
67
159
62
41
57
132
8
174
143
110
101
188
167
46
77
105
243
13
251
48
8
100
79
195
38
145
246
222
208
229
173
222
241
135
219
159
33
3
179
127
5
73
105
68
167
126
82
228
244
71
28
93
134
17
1
245
234
160
24
183
210
117
169
118
222
37
152
254
145
202
228
222
97
118
199
79
136
156
144
59
108
96
71
149
64
100
212
104
21
10
247
57
210
79
218
54
121
60
167
65
44
182
155
38
28
21
35
86
129
35
65
142
189
212
83
36
50
221
91
195
220
200
117
15
212
189
107
230
31
204
249
22
0
204
133
9
38
229
22
133
207
74
147
35
137
53
100
2
74
66
215
166
182
199
254
82
53
35
152
161
166
117
222
5
32
170
234
131
123
173
235
171
170
83
232
188
195
53
76
182
49
203
53
193
254
204
183
92
249
40
92
240
192
190
46
69
78
226
154
97
84
206
90
170
191
4
58
196
224
75
75
16
78
112
109
48
9
238
152
85
101
78
27
167
248
167
77
100
51
146
58
140
21
219
146
170
117
213
141
55
156
210
140
16
172
93
19
24
200
105
91
222
145
230
199
191
235
217
51
152
88
44
77
54
228
176
193
235
65
176
103
14
205
180
9
156
22
252
12
183
114
86
74
113
132
200
161
135
121
138
38
38
227
106
35
92
28
78
177
238
212
252
168
232
59
201
2
153
221
49
224
188
24
55
128
61
2
122
120
225
28
46
1
200
202
30
102
142
222
89
164
186
21
57
247
241
79
177
212
224
126
61
49
47
163
45
86
94
174
28
119
40
163
9
48
48
184
118
153
63
243
51
171
13
5
8
253
140
216
42
20
25
253
30
121
234
105
203
83
215
50
230
17
170
104
154
133
156
47
61
118
99
52
213
193
77
181
227
7
251
176
40
84
194
87
214
243
89
210
198
245
39
208
113
135
89
94
2
250
179
105
143
93
56
79
168
238
114
206
124
195
175
93
10
151
209
181
107
169
140
182
88
185
175
124
188
224
158
38
128
202
233
202
97
108
94
95
112
238
62
63
254
112
109
154
245
101
78
169
54
243
167
45
80
27
139
61
118
57
135
89
160
50
232
118
152
155
119
23
128
35
228
174
55
24
85
46
80
24
95
27
205
200
120
27
212
173
242
195
199
190
67
22
136
140
140
4
211
228
134
65
236
147
241
227
11
179
53
41
77
199
247
22
51
114
140
2
245
171
92
240
15
115
30
37
50
243
107
129
73
27
107
225
251
242
233
221
226
45
89
132
129
129
158
199
40
156
191
92
249
8
102
120
97
78
102
170
196
108
218
226
94
78
91
138
122
18
227
238
114
67
151
65
196
121
125
17
17
231
175
212
15
128
25
123
184
37
65
160
50
152
242
158
77
227
20
166
43
196
174
54
200
243
6
148
25
207
11
196
204
121
11
117
146
71
230
15
250
239
2
216
167
168
137
102
103
177
49
106
73
117
101
85
183
53
7
132
71
247
15
167
82
252
198
245
55
200
249
129
123
154
164
39
134
74
147
77
191
127
241
209
84
104
248
203
49
201
35
129
85
53
17
236
183
187
212
125
171
126
124
225
188
226
135
16
248
216
108
82
207
123
161
170
52
25
122
112
221
131
72
98
116
109
144
46
194
12
68
75
12
13
47
147
161
205
32
58
182
178
185
133
119
150
122
111
238
130
187
220
243
45
4
57
127
159
204
88
105
3
211
151
98
103
26
203
72
2
156
10
190
93
77
227
56
133
226
71
53
194
31
115
180
217
4
109
219
130
179
240
214
194
245
135
28
247
95
107
152
8
38
162
75
138
77
25
77
37
250
192
252
240
197
61
77
162
148
244
148
209
184
26
167
0
86
47
242
252
233
146
162
160
216
108
90
176
22
229
87
44
190
150
51
126
112
109
87
70
188
100
111
60
47
230
5
93
223
10
53
127
186
173
89
40
52
62
54
56
144
67
55
186
251
71
206
111
221
223
96
17
19
92
159
205
240
249
11
13
199
73
205
27
238
65
30
156
12
134
137
102
191
172
134
226
11
176
75
15
66
52
1
144
68
199
86
184
116
90
66
85
160
104
208
151
175
24
68
114
162
103
199
88
51
110
37
251
104
108
248
27
109
102
8
149
209
157
205
184
28
159
212
125
115
102
255
233
222
39
41
200
93
218
104
130
204
75
248
181
18
191
254
208
74
35
97
116
160
239
112
123
230
33
16
94
128
28
251
185
157
201
32
234
234
29
146
145
243
62
166
59
69
166
187
220
137
52
19
17
29
26
100
202
204
11
221
67
96
215
79
229
111
150
136
44
171
189
71
245
104
7
170
27
176
239
75
246
62
8
192
71
237
134
179
170
142
105
255
161
216
217
139
111
26
44
166
163
49
147
90
49
47
160
80
82
201
249
225
253
203
192
193
218
187
197
172
60
178
229
93
57
182
122
161
206
7
143
140
233
216
105
215
206
121
60
58
30
107
255
116
11
147
66
101
80
108
56
187
227
109
68
93
136
93
126
58
167
205
129
26
250
178
146
197
248
16
238
47
199
143
27
221
219
180
20
89
77
25
206
138
120
161
213
178
99
229
223
104
171
66
131
130
170
13
198
224
9
165
250
139
55
163
95
214
58
77
69
196
223
19
179
80
26
196
103
229
249
247
3
122
152
5
50
162
81
19
93
225
63
139
254
82
236
218
202
136
76
56
85
215
109
129
172
152
243
81
93
32
247
220
241
30
38
211
136
232
212
228
87
230
87
188
62
60
191
254
42
95
144
72
36
117
197
48
158
231
37
128
93
154
77
116
190
35
73
128
55
10
23
136
65
113
86
250
46
201
202
62
214
210
160
17
35
221
27
20
154
82
1
209
151