128
0
0
0
160
243
193
255
50
89
140
14
13
215
100
140
1
234
65
161
203
9
183
52
169
65
99
246
22
167
244
206
18
222
163
92
241
143
119
30
37
50
39
235
83
25
18
99
37
250
208
228
120
195
31
137
4
73
193
183
205
168
157
151
89
105
9
84
120
225
12
54
137
206
232
218
192
83
235
122
184
170
146
43
174
91
73
23
64
108
120
233
17
59
99
173
132
31
161
17
251
184
37
65
160
50
152
242
158
77
227
20
166
43
196
174
54
200
243
6
148
25
207
11
196
204
121
11
117
146
71
230
15
250
239
2
216
167
168
137
102
237
176
1
203
91
53
99
223
183
31
5
192
70
85
14
51
114
252
134
243
125
200
243
139
127
155
36
43
183
75
161
221
57
253
177
242
84
236
248
99
56
104
35
129
197
51
209
252
183
177
212
125
33
122
120
192
142
162
1
24
168
241
108
210
206
217
160
62
20
25
58
118
151
131
66
104
112
108
16
34
243
13
118
219
138
143
111
176
161
73
32
146
191
19
185
133
231
144
186
127
238
136
187
220
219
40
148
56
77
159
76
26
57
32
217
19
98
69
23
110
105
48
76
138
118
29
100
233
184
132
202
66
165
195
45
115
52
155
84
78
209
6
179
210
219
103
212
181
204
119
151
43
177
2
166
163
99
143
221
24
127
37
122
130
172
211
207
185
77
128
153
81
181
227
104
154
111
64
127
37
114
253
193
151
50
161
234
108
218
242
70
198
93
168
190
180
62
219
81
95
135
198
116
36
70
54
175
231
37
88
219
171
13
251
56
119
9
11
62
62
54
26
157
115
22
136
235
195
86
47
222
223
32
17
57
84
15
236
232
253
11
71
135
106
193
31
238
201
23
173
173
190
25
224
245
236
174
236
207
177
235
3
115
21
25
192
198
7
70
152
126
90
66
119
173
88
241
165
191
156
220
50
161
103
135
88
19
102
128
250
112
124
252
75
125
102
6
209
209
31
193
137
157
149
144
251
235
38
247
239
154
38
33
205
93
250
112
150
72
27
248
159
26
127
255
114
70
18
64
70
224
233
58
123
230
41
16
95
130
28
203
24
189
201
32
96
234
54
148
17
242
60
166
14
229
134
251
90
217
100
17
27
93
26
206
203
105
10
239
7
102
31
79
196
109
18
136
174
167
184
103
223
120
131
50
11
177
231
75
246
28
5
80
198
255
130
179
40
206
65
253
229
217
89
135
206
154
12
246
161
123
211
82
63
235
161
90
87
92
217
211
233
207
66
193
208
185
133
173
150
182
212
124
19
246
252
57
206
13
139
204
232
82
104
210
239
75
248
190
22
43
220
116
15
146
224
97
81
76
32
63
97
61
4
116
140
153
127
176
171
205
1
34
62
182
72
213
216
26
46
47
71
134
191
220
241
224
22
193
77
25
192
206
120
9
220
22
98
229
139
106
99
66
137
136
234
13
100
228
152
132
226
219
181
163
31
245
54
73
69
236
215
35
178
80
30
196
55
245
211
255
131
123
58
1
151
131
123
67
223
121
63
128
244
22
237
112
206
45
204
50
129
87
61
145
135
154
179
80
117
37
242
221
241
26
166
81
136
195
214
228
86
76
83
40
190
54
255
248
168
95
145
76
96
117
77
57
63
199
15
208
95
24
13
119
190
167
73
138
55
170
55
144
81
117
28
234
46
197
142
62
222
210
52
17
35
205
31
20
154
83
15
213
151
64
206
170
239
83
214
142
84
238
13
98
161
189
165
227
202
145
243
143
247
102
73
68
72
83
7
153
126
255
98
253
97
94
251
199
122
152
4
35
161
106
147
88
3
255
165
34
2
198
252
195
61
111
11
36
208
143
5
170
68
247
80
121
109
119
220
232
31
6
145
72
232
136
32
86
192
223
169
54
28
191
223
96
31
147
66
116
86
105
112
42
71
40
113
126
154
9
249
168
247
98
38
182
186
62
148
17
210
6
46
175
21
206
20
208
87
36
146
17
221
27
238
14
127
211
197
149
110
195
30
78
100
2
169
182
174
143
230
181
182
129
238
75
51
235
143
247
22
205
66
158
199
4
191
118
223
98
252
177
248
211
3
123
8
20
42
165
107
131
249
60
74
128
234
70
106
232
147
22
75
134
145
83
184
117
44
158
115
214
39
105
119
242
33
159
6
136
220
200
248
228
86
92
75
160
184
20
59
94
117
106
178
80
112
242
125
96
0
225
169
84
87
134
153
94
168
35
201
240
114
145
58
28
149
113
30
42
47
231
74
57
4
195
38
28
29
92
59
197
222
89
41
81
151
240
215
23
232
105
18
40
137
139
44
118
241
58
149
186
96
183
103
15
255
56
141
101
86
83
134
99
50
245
78
113
165
248
248
147
91
184
128
34
49
123
139
95
57
111
1
255
119
205
232
215
187
93
82
186
215
49
193
164
144
51
113
109
173
246
44
161
181
42
5
200
106
210
224
86
236
159
174
102
4
57
242
116
78
179
73
112
84
79
180
43
117
61
92
89
138
29
223
189
130
104
48
38
60
38
200
190
245
146
170
39
201
10
30
204
87
164
192
89
118
23
72
202
251
3
85
151
64
3
25
54
121
16
132
136
175
37
111
101
60
173
234
73
187
243
7
241
176
9
228
67
103
39
163
166
92
2
165
164
212
181
134
113
155
128
35
153
235
131
129
105
68
171
254
82
196
244
215
189
101
134
145
139
165
194
164
220
182
248
125
156
118
244
53
156
54
209
195
238
94
96
246
203
235
137
174
192
185
190
32
78
159
4
101
126
108
180
42
221
173
84
135
218
54
117
188
167
97
44
38
58
30
28
149
169
6
169
39
133
143
151
220
102
36
24
205
95
11
156
193
127
143
213
55
103
119
62
254
189
144
200
220
175
1
34
228
182
132
110
74
139
99
15
47
100
34
78
66
215
46
191
102
94
106
113
165
130
225
132
115
218
5
138
163
222
131
81
237
109
177
170
89
234
124
195
157
72
178
176
193
97
67
236
204
182
92
57
40
124
253
101
159
28
1
200
48
138
75
92
202
91
128
178
0
187
214
244
79
201
80
103
124
45
49
129
231
8
85
125
74
155
189
232
172
71
36
50
26
51
45
181
227
214
44
111
149
175
49
152
210
38
25
152
93
57
88
78
115
91
212
147
38
199
29
239
77
19
128
28
170
77
118
231
190
197
235
201
177
103
174
223
116
141
78
22
220
0
247
114
220
67
209
164
208
97
131
59
138
6
32
227
106
41
89
28
110
131
58
212
46
168
200
51
73
2
49
212
0
225
188
92
49
16
45
8
120
184
224
28
46
148
200
202
30
230
196
142
122
174
58
21
57
255
96
78
169
208
96
172
61
26
47
231
45
118
86
63
28
69
124
161
145
96
50
190
114
153
181
250
151
138
63
69
142
109
156
211
42
148
24
117
23
216
74
81
143
213
205
114
196
23
174
104
186
136
57
174
5
178
231
172
213
225
77
53
227
175
242
132
40
84
146
85
70
227
115
210
6
244
175
217
117
134
65
26
4
250
243
64
137
93
57