128
0
0
0
160
243
193
255
50
89
111
1
250
227
109
200
71
61
71
18
185
215
245
193
12
153
146
113
109
61
240
236
177
181
32
5
200
224
214
228
119
222
223
40
110
84
16
242
244
79
17
72
228
116
79
244
45
63
61
86
83
142
28
95
177
179
105
2
182
186
164
136
157
245
22
170
143
192
171
30
204
199
162
0
73
118
29
72
202
113
7
81
182
114
67
159
62
41
57
132
8
174
143
110
101
188
167
46
77
105
243
13
251
48
8
100
79
195
38
145
246
222
208
229
173
222
241
135
219
159
33
3
179
127
5
73
105
68
167
126
82
228
244
71
28
93
134
17
1
245
234
160
24
183
210
117
169
118
222
37
152
254
145
202
228
222
97
118
199
79
136
156
144
59
108
96
71
149
64
100
212
104
21
10
247
57
210
79
218
54
121
60
167
65
44
182
155
38
28
21
35
86
129
35
65
142
189
212
83
36
50
221
91
195
220
200
117
15
212
183
107
211
63
204
237
18
26
156
166
11
102
229
28
128
207
106
161
247
137
231
100
34
66
194
215
14
191
246
255
82
113
37
8
177
172
119
30
4
160
171
235
131
123
253
105
121
234
80
224
252
194
29
68
22
177
243
49
193
62
140
191
86
125
41
214
249
196
191
54
149
78
248
138
75
80
74
91
160
178
144
26
238
244
207
67
0
79
120
233
48
169
239
173
84
125
78
27
167
168
165
69
36
51
154
63
140
181
209
146
170
189
213
134
57
220
211
132
21
60
124
11
216
76
105
91
254
145
230
199
23
226
237
51
152
8
46
221
38
206
176
1
234
201
185
99
15
213
240
15
156
86
213
10
183
115
254
75
225
133
250
117
135
233
138
12
36
163
107
35
92
28
78
177
238
212
252
168
232
59
201
2
153
221
49
224
188
24
55
128
61
2
122
120
225
28
46
1
200
202
30
102
142
222
89
164
186
21
17
247
81
79
177
208
96
252
45
27
47
167
45
254
95
175
28
93
120
33
139
112
57
180
50
152
53
246
163
138
63
5
8
127
140
242
42
84
24
95
18
77
202
91
159
81
157
50
198
27
170
105
26
137
56
14
23
230
229
238
213
234
71
53
226
37
251
21
41
76
130
81
12
243
115
220
66
244
167
217
225
134
65
10
0
250
243
65
135
89
57
77
168
79
83
214
60
197
229
13
2
149
149
180
233
160
136
55
120
249
41
44
236
226
150
102
128
96
232
111
96
94
26
89
184
238
31
61
122
112
239
150
240
69
100
185
178
107
183
44
88
27
139
23
126
60
166
115
160
50
98
102
179
159
247
22
34
39
65
175
47
140
211
38
0
59
89
91
205
106
124
46
244
135
118
65
15
190
66
20
12
140
166
1
226
196
172
1
106
155
241
200
3
115
52
139
76
198
215
36
119
116
6
82
247
169
220
240
133
114
27
4
0
55
239
137
9
56
107
229
250
80
237
220
194
53
221
6
209
193
183
195
236
157
29
80
88
40
84
60
103
92
118
138
198
236
218
192
83
123
123
184
126
146
123
174
81
65
215
65
236
121
125
177
27
247
171
220
15
161
27
123
184
175
69
164
19
170
178
24
69
179
61
166
171
197
12
55
92
211
6
212
31
133
11
206
198
125
10
245
158
118
231
61
106
105
128
152
132
168
13
102
79
185
149
235
67
117
101
5
183
53
9
68
71
213
7
163
115
228
210
241
125
136
219
131
123
154
38
43
22
106
185
157
63
183
225
250
86
168
249
227
52
204
34
129
81
181
147
236
156
185
212
124
3
122
221
193
150
226
7
194
168
219
98
86
207
89
169
174
21
1
110
116
151
195
106
96
116
109
18
34
82
44
110
155
140
197
63
184
163
13
33
18
179
183
184
133
115
22
248
111
197
128
187
221
91
44
148
56
77
75
204
200
105
41
209
215
99
103
26
203
72
2
156
10
190
93
77
227
56
133
226
71
53
194
31
115
180
217
4
109
219
130
179
240
214
194
245
135
28
247
95
107
152
8
38
162
203
142
73
24
85
161
120
210
188
242
199
57
77
128
153
81
181
227
104
154
111
64
127
37
114
253
193
151
50
161
234
108
218
242
70
198
93
168
190
180
62
219
81
95
135
198
116
36
70
54
175
231
175
89
235
10
31
187
62
253
9
33
60
122
55
184
156
231
54
136
171
197
28
47
212
213
36
16
185
88
62
237
218
109
141
197
199
73
193
155
238
97
30
12
173
190
137
230
53
252
174
230
207
177
97
7
119
52
43
128
64
15
22
177
126
218
67
213
172
204
209
165
255
154
150
50
171
109
131
89
153
106
132
219
66
248
126
211
109
102
4
21
209
189
205
40
189
167
212
253
249
54
215
237
26
38
161
193
252
250
66
210
206
201
184
182
18
59
254
208
74
182
97
116
96
235
32
123
204
43
208
95
130
17
251
153
183
205
160
226
250
29
148
17
243
148
162
175
197
172
251
218
11
52
18
21
89
26
236
195
109
43
247
19
98
85
15
230
111
18
136
44
171
40
71
245
168
3
250
27
154
229
139
247
60
5
192
103
199
130
51
162
158
105
249
33
216
115
143
251
154
38
230
165
179
147
91
53
107
160
210
91
108
120
235
61
79
8
129
217
179
69
172
60
178
224
92
57
162
126
161
206
39
141
140
233
208
97
210
207
97
40
190
204
107
213
122
75
147
104
104
96
237
24
175
231
119
68
92
130
93
126
16
167
252
32
58
110
52
136
197
248
16
46
47
101
139
143
253
195
240
146
89
13
26
192
142
120
1
212
19
99
253
159
238
177
66
163
134
170
13
78
233
168
5
194
207
177
185
31
244
60
73
69
238
215
179
179
122
10
64
229
245
211
247
3
123
58
1
146
130
123
87
219
121
63
160
246
22
237
242
194
185
76
56
17
209
109
145
135
150
179
80
85
37
98
124
201
26
38
219
216
235
210
32
87
102
91
29
190
28
239
252
96
31
152
70
224
116
205
53
155
198
61
128
221
202
77
126
180
227
72
42
51
62
55
162
21
243
206
250
4
207
138
63
244
223
48
144
49
217
27
150
218
122
3
149
150
200
199
58
239
75
210
14
78
254
6
104
225
188
37
239
254
145
243
207
113
116
89
101
72
147
7
177
123
95
66
215
49
92
251
215
122
158
64
34
161
106
167
88
49
255
165
186
66
238
250
131
60
207
2
21
112
157
129
40
150
231
91
123
109
118
254
224
186
39
137
88
236
154
112
84
204
27
169
20
20
30
255
82
143
21
130
52
127
99
52
43
71
40
225
127
154
221
249
248
247
104
46
118
187
180
144
128
243
52
110
169
87
206
30
218
87
37
18
24
77
26
246
90
125
211
133
189
102
199
31
204
96
167
137
182
106
11
190
165
188
129
174
74
145
234
142
215
36
137
68
20
151
6
189
246
223
106
249
177
88
217
3
123
192
20
33
171
43
130
241
57
218
161
242
134
238
232
147
54
75
134
145
113
176
113
141
140
99
210
61
121
119
240
165
159
44
128
76
233
224
224
86
22
11
131
180
16
59