128
0
0
0
160
243
193
255
50
89
218
192
86
127
218
152
58
20
49
238
88
73
211
64
196
113
72
17
59
243
171
68
15
161
27
251
184
175
69
164
19
170
178
24
69
179
61
166
171
197
12
55
92
211
6
212
31
133
11
206
198
125
10
245
158
118
231
61
106
105
128
152
132
168
13
102
69
185
160
203
91
165
101
31
167
31
15
192
70
223
10
55
83
206
198
117
117
152
218
139
255
154
134
42
35
107
161
157
63
183
177
248
94
232
249
227
52
89
34
179
85
181
83
188
148
177
80
125
137
115
217
192
142
50
7
216
184
241
102
210
206
83
164
58
53
43
122
240
159
211
107
104
240
109
178
35
103
45
118
155
140
197
111
186
171
77
33
18
179
34
184
183
119
22
56
63
205
136
63
220
115
33
53
56
77
15
74
218
41
32
211
19
98
207
19
106
72
2
12
12
126
77
77
233
56
133
104
67
49
227
45
51
50
209
84
68
219
2
178
82
215
86
213
135
92
241
21
107
146
2
34
163
203
134
124
24
127
181
124
66
188
211
197
185
77
10
157
85
148
209
40
28
103
16
86
37
242
252
99
150
166
129
234
44
220
184
70
204
87
172
191
52
50
234
80
109
23
64
246
100
101
54
43
231
141
81
122
171
13
107
62
183
25
11
52
62
54
144
153
119
55
186
171
69
94
127
247
223
160
16
155
85
155
204
232
189
13
13
135
96
203
27
239
73
27
156
172
140
137
102
119
172
141
236
75
177
67
10
210
21
25
80
192
199
86
152
116
90
66
253
169
92
208
151
255
26
212
98
136
103
7
89
187
103
33
250
112
40
254
27
45
79
14
149
208
149
200
184
188
149
212
125
187
102
244
231
158
38
33
205
205
251
112
66
72
75
248
149
18
191
254
120
67
23
97
116
240
237
224
107
204
33
208
95
8
21
255
184
133
141
38
234
170
52
148
145
242
60
163
14
197
172
175
216
91
100
59
29
29
27
102
202
92
10
247
87
228
5
79
229
103
22
136
44
171
184
70
245
124
3
170
27
144
237
75
246
54
0
197
70
245
146
55
120
142
67
241
225
216
249
134
207
58
30
162
163
57
211
89
53
235
160
208
94
205
216
203
249
203
8
209
208
183
193
173
158
182
64
124
19
230
248
57
206
12
133
200
232
248
105
227
207
97
108
184
204
123
254
116
11
146
104
104
96
237
24
175
231
119
68
92
130
93
126
16
167
252
32
58
110
52
136
197
248
16
46
47
101
139
143
253
195
240
146
89
13
26
192
142
120
1
212
19
99
253
159
238
177
66
163
134
170
13
238
237
56
164
250
27
177
225
31
213
48
73
69
230
210
35
146
98
202
196
229
245
243
247
3
123
146
8
166
130
123
7
217
233
47
138
246
214
236
122
203
189
77
32
85
215
109
209
174
144
179
81
127
32
247
252
195
10
162
139
152
233
222
36
86
204
90
140
191
28
171
250
48
95
145
66
36
117
199
48
14
230
15
148
217
72
77
116
182
163
73
128
55
15
22
136
85
117
86
250
14
203
202
62
84
222
52
145
41
77
157
68
154
82
13
209
151
106
203
155
207
121
150
8
92
238
38
106
97
188
7
226
203
177
193
203
241
236
25
70
74
211
7
147
123
202
98
215
33
216
99
151
115
156
4
34
9
110
147
88
49
171
39
240
18
237
248
195
60
79
3
129
208
143
81
168
68
231
122
121
41
118
222
232
43
39
187
12
238
2
32
86
202
31
169
158
29
186
222
96
207
147
18
36
116
99
180
42
205
33
117
127
130
217
249
178
231
72
34
50
187
52
153
133
242
44
58
43
29
222
21
216
211
36
50
16
232
26
246
14
127
211
149
151
102
131
30
206
96
147
168
156
46
13
52
165
188
139
110
74
57
235
139
214
36
89
68
68
199
36
183
50
223
226
240
128
249
225
147
253
138
84
9
165
239
131
81
53
235
128
234
214
108
40
131
22
65
134
145
83
189
65
172
190
115
86
165
57
116
240
229
159
134
140
216
201
224
96
212
78
11
162
186
16
59
124
120
207
147
98
160
114
181
32
41
235
41
85
127
131
9
95
154
35
73
178
34
178
48
152
149
83
19
143
14
213
154
185
204
131
15
22
157
93
153
193
126
249
9
17
17
56
135
30
224
169
19
168
133
186
45
68
97
188
23
250
67
183
227
15
87
49
44
101
86
195
128
163
34
245
68
113
165
208
253
3
90
138
128
162
115
43
168
85
189
111
35
242
210
236
218
7
59
149
18
147
221
177
192
140
149
163
112
95
173
118
110
241
150
32
129
200
72
223
69
119
222
79
46
174
68
16
248
244
79
155
76
224
85
125
180
171
55
109
127
83
14
29
95
177
179
105
2
182
186
164
136
157
245
22
170
143
192
171
30
204
199
162
0
73
118
29
72
202
113
7
81
182
114
67
159
62
41
57
132
8
174
143
110
101
188
167
46
77
105
243
13
251
48
8
100
79
195
38
145
246
222
208
229
173
222
241
135
219
159
33
3
179
127
5
73
105
68
167
126
82
228
244
71
28
93
134
17
1
245
234
160
24
183
210
117
169
118
222
37
152
254
145
202
228
222
97
126
199
219
40
150
20
57
244
96
71
149
196
100
212
104
128
10
247
249
214
31
218
28
115
252
166
67
33
182
187
12
24
149
43
70
129
37
193
142
23
208
199
164
56
157
93
65
220
201
113
75
212
63
98
114
31
230
189
16
152
220
165
11
226
229
28
128
90
106
161
55
141
183
100
8
72
2
214
12
178
246
223
120
117
165
0
161
172
113
158
4
10
175
127
3
113
189
111
251
234
81
228
184
194
149
77
183
145
217
97
195
188
204
188
86
249
41
214
249
81
191
54
85
74
168
138
97
90
138
90
162
191
144
58
196
240
79
75
16
79
126
105
48
3
235
57
212
119
14
29
37
168
164
65
96
51
18
54
45
149
251
194
168
63
149
133
57
88
211
132
21
169
124
11
24
72
57
91
212
155
38
198
21
239
237
19
178
12
174
213
54
206
182
129
234
99
189
247
143
223
176
9
30
86
212
14
243
115
116
66
208
164
250
49
1
185
202
15
44
167
107
35
92
140
79
177
58
212
172
168
226
51
9
3
147
216
52
193
142
8
51
90
45
40
114
184
225
156
39
165
201
224
74
100
22
222
89
170
254
21
185
254
244
238
187
0
224
126
61
59
45
163
45
86
94
174
28
119
40
163
9
48
48
184
118
153
63
243
51
171
13
5
8
253
140
216
42
20
25
253
30
121
234
105
203
83
215
50
230
17
170
104
144
128
153
174
47
162
99
46
197
203
77
53
226
13
246
36
8
126
214
211
222
227
88
218
66
245
135
209
68
134
65
94
2
250
227
107
135
29
56
79
168
123
114
252
120
195
111
13
2
159
85
180
233
160
136
55
120
249
41
44
236
226
150
102
128
96
232
111
96
94
26
89
184
238
31
61
122
112
239
150
240
69
100
185
178
107
183
44
88
27
139
23
126
60
166
115
160
50
98
102
179
159
247
22