128
0
0
0
160
243
193
255
50
89
199
191
238
216
147
184
8
174
7
118
205
186
197
234
235
180
198
46
231
32
143
84
22
252
0
55
114
214
78
113
132
200
117
7
171
218
47
46
39
107
1
81
185
111
131
62
84
52
232
193
49
73
3
177
216
161
225
142
24
183
194
109
33
112
252
225
62
35
164
233
248
206
230
70
158
112
174
58
20
51
242
244
110
131
196
228
164
45
27
39
99
45
214
87
10
29
93
124
161
145
48
48
182
50
153
181
250
2
138
13
65
142
173
204
219
34
16
25
253
30
233
235
105
31
83
135
50
236
25
106
105
26
132
8
143
29
226
101
108
197
193
71
53
227
141
255
180
9
102
130
209
222
163
112
210
70
244
133
209
229
167
89
30
4
176
179
99
133
89
57
207
164
223
115
252
236
69
45
29
41
151
85
181
201
160
24
150
64
249
169
166
188
202
146
162
129
74
224
90
96
116
10
93
112
174
22
55
250
113
111
154
84
68
86
233
48
185
247
37
82
95
138
189
122
157
134
89
52
180
170
102
179
147
119
22
162
35
65
175
47
88
83
244
80
50
81
159
204
72
113
139
213
181
166
193
199
254
107
30
140
141
142
4
114
197
158
1
234
217
161
235
9
247
52
169
65
99
246
22
167
244
206
18
222
163
92
241
143
119
30
37
50
39
235
83
25
18
99
37
250
208
228
120
195
31
137
4
73
193
183
205
168
157
151
89
105
9
84
120
225
12
54
137
206
232
218
192
83
235
122
184
170
146
43
174
91
73
23
64
108
120
233
17
59
99
173
132
31
161
17
251
184
37
65
160
50
152
242
158
77
227
20
166
43
196
174
54
200
243
6
148
25
207
11
196
204
121
11
117
146
71
230
15
250
239
2
216
167
168
137
102
237
176
1
203
91
53
99
223
183
31
5
192
70
85
14
51
114
252
134
243
125
200
243
139
127
155
46
43
130
107
161
201
61
231
225
209
86
172
248
105
61
104
3
179
17
51
3
252
151
185
84
125
137
115
73
193
142
230
7
136
184
251
110
18
207
89
161
63
20
25
106
244
69
195
65
96
48
109
56
42
83
141
78
223
138
79
47
184
171
205
33
24
182
23
184
157
55
144
160
111
196
140
63
221
209
37
0
24
103
139
200
18
41
33
209
151
98
229
22
91
104
40
76
138
118
77
102
225
248
132
194
71
165
99
39
115
52
83
84
69
223
70
178
218
222
247
245
173
12
243
151
43
145
2
166
163
203
134
233
24
127
117
120
18
188
249
207
121
76
8
144
85
180
251
44
156
111
0
86
35
114
252
105
150
162
160
216
184
218
98
70
236
95
232
191
180
62
219
81
95
135
198
116
36
70
54
175
231
37
88
219
171
13
251
56
119
9
11
62
62
54
26
157
115
22
136
235
195
86
47
222
223
32
17
27
84
154
204
232
237
143
223
199
99
195
91
238
107
19
172
141
166
157
98
165
172
135
232
11
176
73
15
210
53
43
132
192
21
86
184
124
218
66
85
160
109
209
151
187
28
68
114
130
101
199
88
177
98
177
123
98
252
126
75
109
102
4
149
209
189
205
40
189
167
212
253
249
54
215
237
26
38
3
192
104
218
66
146
200
131
184
188
24
63
255
80
70
135
96
70
240
109
162
59
239
43
84
95
32
24
111
185
175
141
166
56
250
55
152
149
242
20
171
63
196
180
175
216
11
116
58
29
93
27
238
195
204
10
239
83
100
31
95
238
109
86
137
172
167
140
70
245
60
133
184
11
177
237
139
246
30
5
101
102
223
194
53
120
158
67
247
165
217
243
134
107
155
62
178
167
179
211
115
61
111
161
216
91
89
249
249
249
75
218
209
209
177
133
173
188
190
209
93
57
246
252
179
222
38
143
76
233
82
104
210
239
75
248
190
22
43
220
116
15
146
224
97
81
76
32
63
97
61
4
116
140
153
127
176
171
205
1
34
62
182
72
213
216
26
46
47
71
134
191
220
241
224
22
193
77
25
192
206
120
171
216
135
67
253
31
108
233
66
130
136
170
13
228
237
60
133
200
143
183
59
31
245
56
13
69
102
222
18
147
80
90
66
103
181
208
247
135
123
58
1
7
130
123
151
223
41
63
138
252
214
236
122
206
137
205
0
85
87
239
129
173
146
119
81
93
32
98
220
195
26
38
19
216
224
220
96
86
110
94
141
159
4
47
120
96
31
184
70
224
116
101
60
175
198
61
208
223
90
93
84
180
35
73
162
58
58
54
186
81
245
206
186
45
201
138
62
252
218
48
48
59
217
27
94
218
113
13
213
151
194
194
58
207
121
6
14
156
254
38
96
97
188
141
230
207
144
243
139
119
228
73
111
74
83
6
147
123
202
98
215
33
216
99
151
115
156
4
34
3
110
166
120
41
123
39
234
2
199
254
71
61
69
14
21
240
165
69
44
76
247
123
113
173
118
126
233
30
38
163
12
238
2
112
84
194
95
169
158
29
47
222
82
203
147
210
116
124
107
48
43
71
40
113
126
154
9
249
168
247
98
38
182
186
62
148
17
210
6
46
175
21
206
20
208
87
36
146
17
221
27
238
14
127
211
197
149
110
195
30
198
96
146
8
164
174
15
108
245
180
131
110
75
17
230
191
214
36
221
198
6
135
7
191
54
223
72
244
33
217
203
7
123
66
84
9
169
111
131
113
53
123
33
210
214
236
162
211
62
69
66
144
121
181
116
172
148
99
82
109
121
125
250
101
158
134
132
120
201
202
180
212
142
11
169
178
80
58
244
113
203
146
122
228
116
181
96
0
237
41
84
119
134
9
255
144
35
73
122
34
185
62
216
148
91
22
31
47
205
90
61
204
131
47
22
157
93
187
201
122
88
27
1
21
34
151
30
226
45
19
130
141
42
12
92
101
188
93
186
96
187
231
15
223
56
29
196
110
83
6
233
98
221
74
181
164
112
241
50
123
146
208
32
179
59
136
95
189
111
1
255
226
205
232
23
191
13
82
144
221
241
192
166
157
51
81
71
169
118
36
177
181
44
133
200
192
214
116
214
230
223
168
228
4
56
246
48
78
57
64
65
117
79
240
173
37
125
95
81
142
29
223
189
18
105
48
242
60
118
200
180
253
82
171
45
204
15
63
254
71
160
26
73
92
31
136
202
123
10
241
150
106
87
27
174
121
16
138
204
175
143
102
97
29
173
170
207
187
179
4
241
112
9
70
71
243
7
187
226
218
2
229
167
218
177
134
209
154
33
35
129
171
5
155
105
100
175
254
82
76
253
118
29
93
194
23
145
229
224
162
216
182
210
117
60
118
222
37
24
180
193
233
238
94
97
84
207
75
169
132
132
63
38
32
101
151
64
100
86
100
133
42
221
233
82
135
202
29
123
252
166
105
41
179
154
38
24
149
161
86
170
33
65
143
23
208
199
164
56
157
93
65
220
201
113
75
212
63
98
114
31
230
189
16
152
220
165
11
226
229
28
128
90
106
161
55
141
183
100
8
72
2
214
12
178
246
223
120
117
165
0
161
172
113
158
4