128
0
0
0
160
243
193
255
50
89
52
169
68
247
86
54
55
114
212
82
221
163
152
241
39
126
191
37
50
183
237
147
9
18
105
37
250
90
224
124
226
45
201
130
65
145
158
205
40
156
53
88
253
41
84
56
231
70
54
131
196
236
219
64
95
218
123
138
58
20
169
238
120
73
147
64
196
113
72
17
59
243
171
68
15
161
27
251
184
175
69
164
19
170
178
24
69
179
61
166
171
197
12
55
92
211
6
212
31
133
11
206
198
125
10
245
158
118
231
61
106
105
128
152
132
168
13
102
69
185
160
203
91
165
101
31
167
31
15
192
70
223
10
55
83
206
198
117
117
152
218
139
255
154
134
42
35
107
161
157
63
183
177
248
94
232
249
227
52
89
34
179
85
181
83
188
148
177
80
125
137
115
217
192
142
50
7
216
184
241
102
210
206
83
164
58
53
43
122
240
159
211
107
104
240
109
178
35
103
45
118
155
140
197
111
186
171
77
33
18
179
34
184
183
119
22
56
63
205
136
63
220
115
33
53
56
77
15
74
218
41
32
211
19
98
207
19
106
72
2
12
12
126
77
77
233
56
133
104
67
49
227
45
51
50
209
84
68
219
2
178
82
215
86
213
135
92
241
21
107
146
2
34
163
203
134
124
24
127
181
124
66
188
211
197
185
77
10
157
85
148
209
40
28
103
16
86
37
242
252
99
150
166
129
234
44
220
184
70
204
87
172
191
52
50
234
80
109
23
64
246
100
101
54
43
231
141
81
122
171
13
107
62
183
25
11
52
62
54
144
153
119
55
186
171
69
94
127
247
223
160
16
155
85
155
204
232
189
13
13
135
96
203
27
239
73
27
156
172
140
137
102
119
172
141
236
75
177
67
10
210
21
25
80
192
199
86
152
116
90
66
253
169
92
208
151
255
26
212
98
136
103
7
89
187
103
33
250
112
40
254
27
45
79
14
149
208
159
200
141
156
149
192
121
161
54
215
229
222
38
43
200
205
219
66
150
72
153
248
181
26
63
254
208
74
38
96
116
180
235
112
123
198
35
16
94
136
20
254
184
133
221
164
56
234
55
156
209
243
30
171
155
101
148
191
220
129
116
16
21
217
26
230
198
88
43
221
83
228
205
95
239
107
18
137
142
175
29
103
223
44
129
50
27
155
231
15
247
22
0
241
71
237
194
181
170
158
66
241
225
217
217
139
111
26
44
166
163
49
147
90
49
47
160
82
82
89
248
203
233
79
18
193
218
179
69
172
60
178
224
92
57
162
126
161
206
39
141
140
233
208
97
210
207
97
40
190
204
107
213
122
75
147
200
108
240
76
32
123
231
47
68
125
142
93
126
24
162
108
1
34
174
176
136
197
216
16
46
47
205
130
187
253
195
160
144
201
29
48
192
78
121
137
221
23
98
229
219
232
177
2
138
128
170
12
100
236
61
133
200
223
53
233
95
246
48
77
68
68
214
34
178
122
78
70
181
181
218
243
199
122
48
4
7
162
73
67
223
251
63
170
244
86
236
88
198
136
109
18
81
87
245
145
141
146
243
81
245
36
102
125
209
142
160
9
152
195
220
100
86
198
87
44
159
4
191
126
160
15
184
76
224
116
239
56
171
231
15
144
89
82
13
125
180
163
72
0
59
174
22
186
17
243
132
186
39
195
142
63
118
214
52
17
17
153
157
198
138
120
11
213
150
96
198
15
239
83
130
140
84
254
39
98
229
188
167
227
254
176
217
203
241
236
73
68
66
147
7
147
123
95
98
229
37
216
163
199
123
148
128
35
137
103
162
121
49
171
39
240
18
237
250
195
60
79
3
129
208
143
81
168
68
231
122
121
41
118
222
232
43
39
187
12
238
2
32
86
202
31
169
158
29
186
222
96
207
147
18
36
116
99
180
42
111
37
208
126
154
77
127
186
183
107
36
114
187
150
157
176
210
6
190
169
213
222
20
218
87
36
24
21
217
58
220
78
249
219
149
188
110
67
31
108
97
146
136
174
106
11
190
245
190
137
238
74
17
238
31
214
14
9
198
198
135
12
183
118
222
192
253
37
216
211
67
125
66
20
32
175
111
130
121
48
123
129
216
214
236
106
211
53
75
2
145
113
176
228
141
140
163
214
109
121
93
250
101
158
164
140
124
104
216
164
208
148
27
169
176
212
58
222
121
91
179
98
224
116
255
32
35
225
45
84
255
143
56
94
168
179
207
48
98
145
48
28
149
251
26
46
14
213
10
191
12
147
15
28
157
93
153
196
74
121
41
17
145
186
215
29
226
109
19
168
133
186
45
68
97
188
23
250
67
183
227
15
87
49
44
101
86
195
128
163
34
245
68
113
165
208
253
3
90
138
128
162
115
43
168
85
189
111
129
243
70
204
218
71
61
223
18
153
215
181
193
12
153
146
113
109
61
240
236
177
181
32
5
200
224
214
228
119
222
223
40
110
84
16
242
244
79
17
72
228
116
79
244
45
63
61
86
83
142
28
95
177
179
105
2
182
186
164
136
157
245
22
170
143
192
171
30
204
199
162
0
73
118
29
72
202
113
7
81
182
114
67
159
62
41
57
132
8
174
143
110
101
188
167
46
77
105
243
13
251
48
8
108
79
87
134
155
114
220
72
229
173
222
117
135
219
159
180
3
179
191
1
25
105
110
173
190
83
230
249
71
60
119
130
145
9
229
234
166
152
183
120
113
61
246
212
101
158
124
145
203
224
154
97
254
206
238
168
182
192
57
238
32
68
149
196
100
212
104
128
10
247
249
214
31
218
28
115
252
166
67
33
182
187
12
24
149
43
70
129
37
193
142
23
208
199
164
56
157
93
65
220
201
113
75
212
63
98
114
31
230
189
16
152
220
165
11
226
229
28
128
90
106
161
55
141
183
100
8
72
2
214
12
178
246
223
120
117
165
0
161
172
113
158
4
10
175
127
3
113
189
111
251
234
81
228
184
194
149
77
183
145
217
97
195
188
204
188
86
249
41
214
249
81
191
54
85
74
168
138
97
90
138
90
162
191
144
58
196
240
79
75
16
79
126
105
48
3
235
57
212
119
14
29
37
168
164
65
96
51
16
54
189
148
209
214
44
237
149
133
49
216
211
132
21
172
125
11
12
76
57
91
244
153
38
198
29
231
232
18
170
24
42
7
54
228
184
193
234
73
176
199
14
255
164
13
4
86
213
4
243
115
92
66
113
4
240
177
3
113
202
15
36
231
107
129
88
29
110
169
106
86
172
232
193
63
13
3
59
209
144
192
142
92
49
146
45
34
120
248
225
62
35
52
232
248
26
230
22
158
122
166
250
21
185
246
101
79
177
132
226
230
45
17
45
99
44
86
94
154
28
69
40
163
145
112
24
190
54
152
183
250
163
171
21
1
136
231
156
211
32
84
24
125
18
77
234
105
139
213
197
34
199
17
106
104
58
132
152
46
37
226
229
230
149
233
67
241
226
167
247
129
9
76
146
213
22
227
121
216
198
245
5
221
65
166
107
78
134
98
243
106
143
29
56
101
160
126
83
214
120
195
229
29
41
155
213
181