128
0
0
0
160
243
193
255
50
89
245
5
216
64
6
75
30
4
40
179
67
133
25
57
207
164
223
115
252
236
69
45
29
41
151
85
181
201
160
24
150
64
249
169
166
188
202
146
162
129
74
224
90
96
116
10
93
112
174
22
55
250
113
111
154
84
68
86
233
48
185
247
37
82
95
138
189
122
157
134
89
52
180
170
102
179
147
119
22
162
35
65
175
47
88
83
244
80
50
81
159
204
72
113
139
213
181
166
193
199
254
107
30
140
141
142
4
114
197
158
1
234
217
161
235
9
247
52
169
65
99
246
22
167
244
206
18
222
163
92
241
143
119
30
37
50
39
235
83
25
18
99
37
250
208
228
120
195
31
137
4
73
193
183
205
168
157
151
89
105
9
84
120
225
12
54
137
206
232
218
192
83
235
122
184
170
146
43
174
91
73
23
64
108
120
233
17
59
99
173
132
31
161
17
251
184
37
65
160
50
152
242
158
77
227
20
166
43
196
174
54
200
243
6
148
25
207
11
196
204
121
11
117
146
71
230
15
250
239
2
216
167
168
137
102
237
176
1
203
91
53
99
223
183
31
5
192
70
85
14
51
114
252
134
243
125
200
243
139
127
155
36
43
183
75
161
221
57
253
177
242
84
236
248
99
56
104
35
129
197
51
209
252
183
177
212
125
33
122
120
192
142
162
1
24
168
241
108
210
206
217
160
62
20
25
58
118
151
131
66
104
112
108
16
34
243
13
118
219
138
143
111
176
161
73
32
146
191
19
185
133
231
144
186
127
238
136
187
220
219
40
148
56
77
159
76
26
57
32
217
19
98
69
23
110
105
48
76
138
118
29
100
233
184
132
202
66
165
195
45
115
52
155
84
78
209
6
179
210
219
103
212
181
204
119
151
43
177
2
166
163
99
143
221
24
127
37
122
130
172
211
207
185
77
128
153
81
181
227
104
154
111
64
127
37
114
253
203
151
7
129
234
120
222
232
22
229
95
232
190
190
59
219
113
109
83
198
166
36
102
62
47
231
141
81
234
170
13
191
62
231
25
1
60
254
55
154
156
114
22
136
187
65
132
111
221
215
96
16
17
92
175
108
208
249
11
135
199
98
203
155
239
67
30
169
172
166
201
224
239
252
132
232
75
176
225
14
231
53
51
212
66
15
86
153
118
222
66
215
172
109
240
189
191
156
220
98
163
111
199
88
17
99
181
122
122
104
248
153
45
78
10
209
208
29
193
25
156
191
132
127
57
38
247
231
26
38
33
205
88
251
112
130
76
27
248
191
24
127
255
122
78
23
65
94
244
109
232
123
204
39
80
95
2
21
251
153
183
25
32
48
170
20
156
213
242
182
175
10
228
158
43
90
195
116
59
31
217
27
196
198
253
42
197
19
226
23
95
197
101
150
136
14
166
141
102
199
120
131
50
91
179
239
11
246
54
0
197
70
245
146
55
120
142
67
241
225
216
243
134
95
155
12
178
167
43
147
91
59
47
160
80
82
201
249
225
253
203
192
193
218
187
197
172
60
178
229
93
57
182
122
161
206
7
143
140
233
82
109
70
79
107
184
56
156
107
213
118
75
147
72
104
240
76
32
175
103
253
20
116
134
153
127
58
175
201
32
16
126
48
64
133
241
26
174
46
229
135
43
252
241
160
16
139
77
19
202
202
121
161
208
135
99
207
219
104
99
82
137
140
174
12
100
228
172
132
208
219
181
59
95
221
48
9
68
100
222
179
178
72
26
68
45
229
216
245
195
122
186
13
163
131
123
3
89
107
47
161
244
214
237
210
207
28
109
10
85
87
191
129
173
158
183
81
127
40
102
253
219
14
34
89
152
194
222
96
86
236
82
29
191
46
255
248
168
15
147
68
32
117
77
57
170
199
61
212
95
216
93
127
182
35
72
168
58
62
23
136
197
243
20
186
13
193
206
62
124
214
1
49
9
73
157
220
154
82
13
81
151
106
203
155
207
121
150
8
92
238
38
106
97
188
7
226
203
177
193
203
241
236
25
70
74
211
7
19
127
206
99
207
165
90
113
215
113
158
0
34
33
99
3
89
27
171
167
34
66
238
244
199
60
109
11
133
241
151
69
172
14
167
88
123
41
118
92
228
187
7
145
220
110
202
48
125
200
223
168
60
25
143
126
114
139
21
26
36
117
99
240
42
199
36
64
127
168
153
127
42
183
65
38
50
186
150
157
176
210
6
190
169
213
222
20
218
87
36
24
21
217
58
220
78
249
219
149
188
110
67
31
108
97
146
136
174
106
11
190
245
190
137
238
74
145
234
27
215
22
141
68
212
199
14
181
114
222
226
240
128
249
225
147
253
138
84
9
165
239
131
81
53
235
128
234
214
108
40
131
22
65
134
145
241
188
213
140
190
51
80
239
57
126
250
225
158
134
132
237
201
202
116
208
222
11
131
184
144
59
246
124
203
178
80
224
244
189
112
0
235
169
84
221
130
157
127
154
99
79
248
34
184
58
156
148
211
31
190
15
231
10
63
78
195
44
22
25
93
187
201
239
88
27
193
17
114
151
52
232
237
18
128
128
42
44
118
97
60
85
170
96
189
103
15
117
60
137
68
100
19
0
107
98
220
78
241
164
240
248
7
251
178
4
32
169
123
139
95
189
111
1
255
226
205
232
23
191
13
82
144
221
241
192
166
157
51
81
71
169
118
36
177
181
44
133
200
192
214
116
214
230
223
168
228
4
56
246
48
78
59
64
209
116
101
228
41
247
125
95
89
14
29
223
189
23
104
48
230
56
118
200
148
255
82
171
37
196
10
62
230
83
36
200
73
118
17
200
202
81
7
193
23
74
67
31
180
121
17
128
204
175
165
102
80
188
141
62
73
161
179
4
241
176
9
228
67
103
39
163
166
92
2
165
164
212
181
134
113
155
128
35
153
235
131
129
105
68
171
254
82
196
244
215
189
101
134
145
139
165
194
164
220
182
248
125
156
118
244
53
156
54
209
195
238
94
96
246
203
235
137
174
192
185
190
32
78
159
4
101
126
108
180
42
221
173
84
135
218
54
117
188
167
97
44
38
58
30
28
149
169
6
169
39
133
143
149
220
246
37
50
217
219
217
156
193
119
15
213
55
103
114
63
254
169
148
200
220
143
3
34
228
190
140
107
75
147
119
139
253
100
8
64
2
215
4
178
86
223
74
101
161
152
225
133
121
218
5
160
163
239
34
113
121
235
171
170
89
234
188
195
63
76
38
144
217
37
197
236
140
181
82
61
40
220
252
196
159
4
65
78
42
138
107
88
202
91
8
187
161
27
238
176
201
211
16
69
122
41
49
169
239
56
84
125
78
155
237
248
134
79
164
51
184
55
136
148
201
134
174
247
149
164
59
220
211
6
25
172
92
33
8
204
161
75
213
147
38
198
63
231
232
50
152
12
174
95
38
229
178
1
235
99
189
247
143
223
176
9
30
86
212
14
243
115
118
66
64
165
208
37
133
107
202
15
36
39
107
35
92
137
78
177
46
208
172
168
194
49
9
3
155
208
49
192
150
28
183
136
45
2
124
248
225