128
0
0
0
160
243
193
255
50
89
80
221
41
199
125
209
26
38
139
216
192
220
32
86
110
94
141
159
4
47
120
96
31
184
70
224
116
101
60
175
198
61
208
223
90
93
84
180
35
73
162
58
58
54
186
81
245
206
186
45
201
138
62
252
218
48
48
59
217
27
94
218
113
13
213
151
194
194
58
207
121
6
14
156
254
38
96
97
188
141
230
207
144
243
139
119
228
73
111
74
83
6
49
122
94
66
215
97
222
41
151
121
150
0
35
131
98
151
121
27
235
161
104
66
228
254
195
61
237
7
180
240
165
213
42
140
231
123
123
173
118
244
237
26
7
145
76
104
10
32
125
194
223
168
60
28
187
254
82
139
149
152
116
118
97
52
42
199
36
64
127
168
153
127
42
183
65
38
50
186
150
157
176
210
6
190
169
213
222
20
218
87
36
24
21
217
58
220
78
249
219
149
188
110
67
31
108
97
146
136
174
106
11
190
245
190
137
238
74
145
234
27
215
22
141
68
212
199
14
181
114
222
226
240
128
249
225
147
253
138
84
9
165
239
131
81
53
235
128
234
214
108
40
131
22
65
134
145
83
189
65
172
190
115
86
165
57
116
240
229
159
6
136
220
200
248
228
86
92
75
160
184
20
59
94
117
106
178
80
112
242
125
96
0
225
169
84
87
134
153
94
168
35
201
240
114
145
58
28
149
113
30
42
47
231
74
57
4
195
38
28
29
92
59
197
222
89
41
81
151
240
215
23
232
105
18
40
137
139
44
118
241
58
149
186
96
183
103
15
255
56
141
101
86
83
134
99
50
245
78
113
165
90
249
7
123
184
192
36
123
123
129
85
61
110
129
243
70
204
218
71
61
223
18
153
215
181
193
12
153
146
113
109
61
240
236
177
181
32
5
200
224
214
228
119
222
223
40
110
84
16
242
244
79
17
72
228
116
79
244
45
63
61
86
83
142
28
85
177
134
73
2
162
190
190
216
190
247
86
170
133
197
171
62
254
19
162
210
73
86
21
200
202
217
14
96
183
114
7
153
174
57
51
134
200
175
15
111
100
188
167
126
207
187
179
14
243
112
9
76
71
99
166
169
242
222
16
165
165
212
117
134
81
150
37
2
171
175
5
83
121
110
163
250
83
238
249
211
60
119
146
149
9
229
235
168
156
183
114
116
156
119
198
37
152
254
193
200
236
158
97
126
194
79
40
150
144
59
164
96
76
155
0
101
220
109
133
43
239
249
86
79
218
22
121
60
167
233
37
130
155
38
76
23
179
70
171
35
129
143
53
221
87
37
42
153
93
195
156
225
115
15
213
31
106
67
62
254
57
18
138
156
140
9
38
228
28
128
207
106
161
247
137
231
100
34
66
194
215
14
191
246
255
82
113
37
8
177
172
119
30
4
160
171
235
131
123
253
105
121
234
80
224
252
194
63
68
131
145
243
33
69
166
204
182
84
57
41
116
253
197
159
46
17
204
168
202
98
84
142
90
2
190
49
58
220
176
201
81
16
111
122
105
48
139
226
152
116
79
74
155
63
232
134
71
100
51
50
59
136
20
195
6
44
167
149
165
57
216
211
44
28
157
124
11
72
74
169
75
254
155
230
199
157
230
233
18
170
72
168
213
118
231
176
129
235
107
184
247
47
213
176
9
214
86
223
0
179
114
116
71
229
164
208
53
1
113
218
5
34
163
106
129
88
41
110
155
106
86
52
168
233
57
77
2
179
216
0
192
150
88
177
136
61
41
114
184
224
190
47
0
232
248
90
96
4
142
91
166
58
21
17
242
81
111
155
132
226
126
45
49
41
231
44
86
94
154
28
69
40
163
145
112
24
190
54
152
183
250
163
171
21
1
136
231
156
211
32
84
24
125
18
77
234
105
139
213
197
34
199
17
106
104
154
128
8
143
29
54
229
190
149
200
79
241
226
175
242
17
40
84
82
81
22
227
89
216
198
245
173
212
117
166
107
30
132
242
227
64
143
221
57
237
169
122
82
206
60
197
229
93
0
157
213
180
97
161
140
150
106
125
171
246
172
235
154
34
129
74
224
90
96
116
10
93
112
174
22
55
250
113
111
154
84
68
86
233
48
185
247
37
82
95
138
189
122
157
134
89
52
180
170
102
179
147
119
22
40
34
113
14
61
24
85
126
80
24
83
219
205
234
112
31
245
181
230
199
141
254
97
20
136
140
14
8
67
196
172
145
108
91
225
200
9
115
52
1
72
194
246
22
55
242
14
2
222
169
92
241
5
115
26
4
0
103
109
91
73
59
99
165
251
114
229
236
227
31
201
2
3
193
189
199
172
156
23
85
88
8
102
232
103
142
118
170
206
108
218
104
90
74
122
184
58
148
235
190
91
67
23
64
68
125
121
16
9
99
45
198
79
130
27
127
184
7
76
5
19
170
34
30
133
163
61
172
171
197
134
51
88
242
52
148
153
141
91
231
198
253
11
87
159
226
199
61
42
111
202
152
142
162
9
103
197
181
145
202
105
53
227
157
231
60
15
68
70
119
3
150
83
206
86
115
181
136
218
129
255
154
12
46
39
74
147
221
185
191
225
209
94
104
248
65
53
205
2
179
21
179
25
188
158
187
84
124
1
127
124
97
182
38
131
194
248
210
102
210
206
251
173
14
53
43
42
242
15
195
65
104
48
108
58
42
99
44
110
223
138
197
47
147
173
77
32
26
182
34
24
189
119
22
240
63
198
134
127
221
123
36
165
25
85
207
206
218
41
0
211
19
98
103
26
94
72
2
92
14
238
93
103
233
248
132
224
74
53
226
53
119
52
209
20
109
221
2
179
90
210
86
117
141
92
241
221
107
153
12
98
162
195
131
236
57
103
117
248
66
188
243
197
185
77
162
148
97
148
209
120
30
247
0
124
37
50
253
235
159
162
128
242
104
218
184
6
229
81
172
190
60
55
234
240
103
23
64
62
100
110
56
107
230
133
84
234
138
21
171
186
183
25
43
52
62
54
56
144
67
55
186
251
71
206
111
221
223
96
17
19
92
159
205
240
249
11
13
199
73
205
27
238
65
30
156
12
134
137
102
191
172
134
226
11
176
73
15
210
53
43
132
192
21
86
184
124
218
66
85
160
109
209
151
187
28
68
114
130
101
199
88
59
102
32
250
112
120
124
201
109
76
6
213
209
183
192
136
157
191
192
121
105
102
254
227
222
39
3
200
108
123
72
22
74
81
248
181
18
127
254
114
78
183
65
108
228
105
112
59
229
47
20
94
32
29
90
185
133
137
166
240
234
61
150
145
243
182
175
154
229
158
255
90
147
116
49
23
25
26
78
194
108
11
247
83
228
85
95
207
111
150
137
142
175
29
103
223
44
129
50
27
155
231
15
247
22
0
241
71
237
194
181
170
158
66
241
225
217
209
142
250
186
20
162
163
57
195
89
55
235
160
210
94
248
120
235
185
77
88
129
210
189
129
173
52
183
229
125
33
162
254
241
206
45
135
76
232
122
101
230
239
75
124
60
84
107
255
124
11
146
74
101
240
108
10
171
231
245
4
116
128
25
127