128
0
0
0
160
243
193
255
50
89
215
166
179
195
95
114
113
165
210
225
175
125
218
4
130
166
78
162
73
45
233
177
170
121
234
124
195
53
65
134
176
193
49
65
124
220
156
92
249
41
244
244
97
158
4
69
206
48
202
98
90
202
90
136
183
0
27
220
244
79
1
80
108
114
109
48
139
226
8
117
79
158
155
111
232
140
79
164
50
178
58
28
180
227
146
42
255
133
165
51
88
211
166
24
153
93
57
8
204
161
27
215
155
102
198
63
231
125
50
170
8
174
159
118
237
186
133
234
235
180
198
46
231
32
143
84
22
252
0
55
114
214
78
113
132
200
117
7
171
218
47
46
39
107
1
81
185
111
131
62
84
52
232
193
49
73
3
177
216
161
225
142
24
183
194
109
33
112
252
225
62
35
164
233
248
206
230
70
158
112
174
58
20
51
242
244
110
131
196
228
164
45
27
39
99
45
214
87
10
29
93
124
161
145
48
48
182
50
153
181
250
2
138
13
65
142
173
204
219
34
16
25
253
30
233
235
105
31
83
135
50
236
25
106
105
26
132
8
143
29
226
101
108
197
193
71
53
227
141
255
180
9
102
130
209
222
163
112
210
70
244
133
209
229
167
89
30
4
176
179
99
133
89
57
207
164
223
115
252
236
69
45
29
41
151
85
181
201
160
24
150
64
249
169
166
188
202
146
162
129
74
224
90
96
116
10
93
112
174
22
55
250
113
111
154
84
68
86
233
48
185
247
37
82
95
138
189
122
157
134
89
52
180
170
102
179
147
119
22
162
35
65
175
47
88
83
244
80
50
81
159
204
72
113
139
213
181
166
193
199
254
107
30
140
141
142
4
114
197
158
1
234
217
161
235
9
247
52
169
65
99
246
22
167
244
206
18
222
163
92
241
143
119
30
37
50
39
235
83
25
18
99
37
250
208
228
120
195
31
137
4
73
193
183
205
168
157
157
89
92
41
84
108
229
22
102
170
204
168
218
202
86
235
90
138
126
146
249
174
123
65
151
64
196
113
216
16
59
39
171
20
15
171
19
59
185
165
64
161
50
152
162
28
159
163
23
174
107
197
134
62
104
115
62
144
25
15
75
204
198
253
10
255
155
67
231
23
42
239
24
200
141
172
13
103
231
189
149
235
113
33
231
215
167
30
13
68
70
245
15
6
115
228
134
243
125
152
241
131
63
155
44
46
183
235
171
221
57
53
177
249
90
172
249
107
61
248
2
153
5
183
209
252
151
177
212
125
137
115
76
192
142
242
3
136
184
219
108
18
207
81
169
58
21
1
126
112
151
195
107
110
112
109
184
35
99
12
68
15
138
31
111
154
163
9
33
146
191
19
185
133
231
144
186
127
238
136
187
220
219
40
148
56
77
159
76
26
57
32
217
19
98
69
23
110
105
48
76
138
118
29
100
233
184
132
232
66
48
227
45
99
176
3
20
71
211
66
179
112
223
102
244
173
72
245
199
107
152
6
98
162
193
131
124
56
77
97
124
144
188
243
205
57
77
162
148
100
149
209
108
26
247
0
92
39
50
253
105
147
54
0
248
248
92
232
6
229
93
172
190
28
55
122
81
95
23
192
180
52
70
60
175
231
175
92
223
138
63
187
190
127
89
34
62
190
55
184
156
231
54
136
171
197
28
47
212
213
36
16
179
88
11
205
194
189
141
223
215
99
199
31
239
107
19
152
141
148
157
98
61
236
175
238
75
177
193
6
66
53
51
128
64
15
70
179
118
154
67
213
172
89
209
151
251
154
86
98
163
101
7
88
19
99
128
218
90
40
126
201
125
76
0
145
208
183
192
188
157
141
192
121
241
38
214
229
158
38
163
193
93
219
90
146
200
131
232
190
16
127
255
80
70
18
96
116
244
109
98
107
231
35
208
94
2
21
251
153
183
25
32
48
170
20
156
213
242
182
175
10
228
158
43
90
195
116
59
31
217
27
196
198
253
42
197
19
226
23
95
197
101
150
136
14
166
141
102
199
120
131
50
91
179
239
11
246
148
4
84
103
237
6
49
242
142
72
241
161
216
115
143
251
154
38
230
165
179
147
91
53
107
160
218
91
248
216
225
185
77
144
129
217
179
193
172
60
178
117
92
57
98
122
241
206
13
135
76
232
88
109
226
78
89
108
56
78
123
255
126
143
146
96
109
96
77
18
175
231
191
68
87
140
29
127
24
162
108
1
34
174
176
136
197
216
16
46
47
205
130
187
253
195
160
144
201
29
48
192
78
121
137
221
23
98
229
219
232
177
2
138
128
170
12
70
236
168
165
200
207
177
113
31
255
50
9
68
230
210
35
146
98
202
196
229
245
243
247
3
123
146
8
166
130
123
7
217
233
47
138
246
214
236
216
202
41
109
32
21
209
39
209
164
154
183
80
221
44
83
221
241
138
160
145
152
195
220
228
86
198
87
44
159
4
191
126
160
15
184
76
224
116
239
56
171
231
15
144
89
82
13
125
180
163
72
0
59
174
22
186
17
243
132
186
39
195
142
63
124
214
1
49
9
73
157
220
154
82
13
81
151
106
203
155
207
121
150
8
92
238
38
106
97
188
7
226
203
177
193
203
241
236
25
70
74
211
7
155
123
94
194
221
165
218
251
151
115
156
128
34
3
110
51
120
41
187
35
186
2
237
244
135
60
71
3
21
208
143
65
172
68
231
123
119
45
118
212
237
138
166
169
76
232
128
112
85
198
27
169
22
20
142
254
120
155
145
80
52
127
107
180
43
71
40
228
126
154
201
253
248
247
72
44
118
187
60
153
17
242
44
42
47
29
222
20
214
215
36
56
21
73
155
228
78
121
81
197
148
106
135
30
70
105
167
136
132
122
15
118
181
183
131
110
75
17
230
191
214
36
221
198
6
135
7
191
54
223
72
244
33
217
203
7
123
66
84
9
169
111
131
113
53
123
33
210
214
236
162
211
62
69
66
144
121
181
116
172
148
99
82
109
121
125
250
101
158
134
132
120
201
202
180
212
142
11
169
178
80
58
244
113
203
146
122
228
116
181
96
0
237
41
84
119
134
9
255
144
35
73
122
34
185
62
216
148
89
22
143
46
231
78
185
30
131
47
30
29
93
187
201
127
89
27
21
17
34
151
62
224
45
19
138
133
47
13
68
113
56
143
186
74
181
167
15
245
53
45
69
78
71
2
243
98
220
64
181
164
90
241
3
218
178
68
166
169
59
136
95
125
111
163
251
118
237
240
83
57
13
18
147
211
245
192
6
156
146
81
95
233
240
62
177
149
40
133
200
72
223
213
118
222
155
46
254
68
26
240
52
78
17
72
113
116
79
244
173
117
109
117
89
14
28
125
185
183
72
26
162
190
238
200
191
247
22
170
13
204
59
62
230
23
34
200
89
93
31
136
203
89
2
84
183
114
71
31
188
41
18
134
8
175
37
106
241
60
173
110
75
235
243
12
255
116
8
236
70
98
6
187
166
220
82
165
174
222
117
135
219
159
180
3
179
191
1
25
105
110
173
190
83
230
249
71
60
119
130
145
9
229
234
166
152
183