128
0
0
0
160
243
193
255
50
89
79
51
64
213
245
93
180
43
237
61
124
89
202
29
223
189
130
104
48
38
60
38
200
190
245
146
170
39
201
10
30
204
87
164
192
89
118
23
72
202
251
3
85
151
64
3
25
54
121
16
132
136
175
45
111
241
156
167
110
75
35
243
7
241
52
9
228
67
242
39
163
102
88
82
165
142
222
117
135
115
150
128
3
179
239
3
137
121
68
173
126
82
110
240
67
61
111
198
151
9
165
195
160
152
182
112
116
61
86
222
101
158
180
145
192
238
218
96
246
203
126
137
174
0
189
238
32
100
149
196
100
124
97
180
10
247
169
212
143
202
54
115
60
167
203
40
178
186
20
92
147
43
6
168
35
193
143
31
213
199
4
50
157
93
137
220
194
127
11
213
55
103
226
62
254
125
148
152
220
133
11
226
229
180
137
110
106
161
103
143
39
116
34
72
194
215
132
187
242
222
96
49
163
0
225
133
119
158
5
2
170
127
163
123
189
111
51
234
90
234
248
195
157
72
39
176
193
161
71
188
204
156
86
249
41
126
240
101
191
54
5
72
56
154
75
90
74
91
42
182
148
59
220
180
73
75
80
102
120
105
49
11
238
57
116
125
14
29
237
168
175
79
32
50
26
51
189
180
227
2
44
63
149
165
57
88
211
44
28
157
124
11
72
74
169
75
254
155
230
199
157
230
233
18
170
72
168
213
118
231
176
129
235
107
184
247
47
213
176
9
214
86
223
0
179
114
126
71
208
132
200
229
1
107
202
47
36
39
107
139
85
189
78
177
126
210
60
184
232
49
201
2
19
217
53
193
142
88
177
136
109
43
122
248
224
190
47
149
232
202
94
96
196
222
83
174
190
20
155
251
85
110
131
84
226
100
61
27
45
99
45
92
83
14
60
111
60
39
153
96
25
182
178
152
23
251
150
170
13
1
136
231
204
209
40
20
24
119
18
237
202
91
155
209
31
34
236
27
174
105
184
136
169
175
47
166
99
126
213
225
69
181
227
175
242
129
41
84
134
81
70
227
83
208
6
244
167
209
112
135
89
14
128
40
243
106
135
29
57
103
160
78
242
246
120
195
111
29
2
157
85
180
235
160
189
151
88
185
175
124
188
224
156
38
128
202
233
202
97
108
94
95
112
238
62
63
254
112
109
154
245
101
78
169
54
243
167
45
80
27
139
53
115
172
39
97
164
50
224
38
155
157
179
23
2
47
112
142
55
8
209
52
64
18
91
159
204
106
124
187
244
135
182
69
95
190
104
30
204
141
164
12
226
228
134
5
234
147
225
200
5
243
52
129
76
194
246
22
227
114
220
82
215
161
152
240
39
126
191
37
50
183
237
147
9
18
105
37
250
90
224
124
226
45
201
130
65
145
158
205
40
156
53
88
253
41
84
56
231
70
54
131
196
236
219
98
95
79
91
138
42
144
49
174
113
75
215
64
102
117
73
49
35
119
41
20
79
136
31
63
185
13
73
5
51
152
246
30
87
163
29
164
43
197
46
58
105
243
52
208
159
29
75
237
196
61
10
93
154
114
70
47
254
239
154
216
167
168
9
102
237
176
1
203
91
53
99
223
183
31
5
192
70
85
14
51
114
252
134
243
125
200
243
139
127
155
36
43
183
75
161
221
57
253
177
242
84
236
248
105
56
93
3
153
21
51
203
236
157
183
80
124
43
119
236
224
164
182
133
16
184
240
100
86
206
121
161
11
21
1
58
118
151
211
64
96
48
108
16
34
102
13
68
223
138
79
63
184
169
205
33
24
182
23
184
157
55
144
160
111
196
140
63
221
209
37
0
24
103
139
200
18
41
33
209
151
98
229
22
91
104
40
76
138
118
77
102
225
248
132
202
66
48
195
31
119
52
91
4
70
217
130
178
250
214
198
212
181
136
241
133
107
184
0
98
162
203
134
124
24
127
181
124
66
188
211
197
185
77
10
157
85
148
209
40
28
103
16
86
37
242
252
99
150
166
129
234
44
220
184
70
204
87
172
191
180
54
238
81
117
147
194
228
36
103
52
47
231
175
92
223
138
63
187
190
127
89
34
62
190
55
184
156
231
54
136
171
197
28
47
212
213
36
16
185
88
62
237
218
109
141
197
199
73
193
155
238
235
31
60
12
172
201
224
191
252
132
228
139
176
195
6
227
20
43
192
70
69
22
187
116
222
66
85
160
253
208
151
111
28
20
114
136
109
7
89
49
99
37
219
66
104
120
19
125
102
14
21
209
55
201
44
156
149
148
123
241
102
254
237
154
39
161
193
252
250
66
210
206
201
184
182
18
59
254
208
74
182
97
116
96
235
32
123
204
43
208
95
130
17
251
153
183
205
160
226
250
29
148
17
243
54
163
59
229
172
187
220
65
52
24
31
93
27
108
207
92
42
197
131
228
215
79
197
111
150
136
132
162
137
71
245
56
5
58
11
154
239
139
247
182
1
196
70
245
194
181
170
206
64
249
161
217
209
142
111
186
38
166
163
249
147
81
63
111
161
90
87
201
217
211
41
203
18
193
250
179
69
172
148
187
212
92
57
242
124
49
222
13
141
76
232
88
104
214
206
121
108
184
204
43
252
124
75
146
104
109
244
237
24
43
229
39
68
87
140
153
127
24
162
249
1
34
110
180
216
197
242
26
238
46
207
143
187
221
233
164
16
193
13
48
198
206
121
35
217
131
226
239
155
238
51
2
139
132
238
12
206
229
9
133
226
159
179
243
95
252
50
141
68
230
210
182
146
98
10
192
181
245
217
253
195
122
144
5
166
162
81
3
89
225
63
138
240
86
236
208
207
41
205
42
21
209
239
209
175
148
247
81
213
41
195
252
233
74
36
145
152
227
220
228
86
110
94
24
159
4
239
124
48
31
146
76
32
117
103
49
175
230
23
212
95
82
77
84
178
163
73
8
62
174
182
176
17
243
76
186
44
205
206
62
116
211
145
16
17
137
25
220
154
114
13
81
151
194
194
175
207
121
198
10
204
254
12
106
161
189
143
235
207
176
217
143
247
236
89
111
76
211
6
155
126
202
194
221
33
216
171
151
120
146
68
35
9
107
166
88
27
175
39
56
2
231
246
199
61
237
7
36
241
165
1
42
220
231
113
115
109
119
254
232
31
38
163
92
108
208
48
87
202
31
168
188
21
31
255
120
223
151
0
116
118
111
112
42
101
45
208
254
162
93
251
178
247
66
38
118
186
52
153
177
242
30
58
43
133
158
61
222
147
37
186
25
120
26
238
10
255
201
133
156
108
195
31
78
108
167
168
156
110
139
38
181
157
139
174
74
51
235
26
247
22
205
194
212
151
39
181
246
223
64
244
181
217
203
23
127
66
84
8
167
107
131
123
48
218
160
192
150
234
32
131
61
73
70
144
241
188
64
140
140
55
80
47
105
118
242
101
159
14
141
220
104
242
228
86
148
75
171
182
84
58
86
112
250
147
72
176
118
125
96
32
225
169
84
255
143
173
94
168
115
203
96
98
187
58
220
148
249
23
46
46
255
14
63
4
131
15
26
29
93