128
0
0
0
160
243
193
255
50
89
179
210
222
243
116
149
92
241
141
107
178
2
98
163
203
134
124
24
127
181
124
66
188
211
197
185
77
10
157
85
148
209
40
28
103
16
86
37
242
252
99
150
166
129
234
44
220
184
70
204
87
172
191
52
50
234
80
109
23
64
246
100
101
54
43
231
141
81
122
171
13
107
62
183
25
11
52
62
54
144
153
119
55
186
171
69
94
127
247
223
160
16
155
85
155
204
232
189
13
13
135
96
203
27
239
73
27
156
172
140
137
102
119
172
141
236
75
177
67
10
210
21
25
80
192
199
86
152
116
90
66
253
169
92
208
151
255
26
212
98
136
103
7
89
187
103
33
250
112
40
254
27
45
79
14
149
208
149
200
184
188
149
212
125
187
102
244
231
158
38
33
205
205
251
112
66
72
75
248
149
18
191
254
120
67
23
97
116
240
237
224
107
204
33
208
95
8
21
255
184
133
141
38
234
170
52
148
145
242
54
163
59
229
172
187
220
65
52
24
31
93
27
108
207
92
42
197
131
228
215
79
197
111
150
136
132
162
137
71
245
56
5
58
11
154
239
139
247
182
1
196
70
245
194
181
170
206
64
249
161
217
209
142
111
186
38
166
163
249
147
81
63
111
161
90
87
201
217
211
41
203
18
193
250
179
69
172
148
187
212
92
57
242
124
49
222
13
141
76
232
88
104
214
206
121
108
184
204
43
252
124
75
146
96
109
96
77
18
175
231
191
68
87
140
29
127
24
162
108
1
34
174
176
136
197
216
16
46
47
205
130
187
253
195
160
144
201
29
48
192
78
121
137
221
23
98
229
219
232
177
2
138
128
170
12
70
236
168
165
200
207
177
113
31
255
50
9
68
230
210
35
146
98
202
196
229
245
243
247
3
123
146
8
166
130
123
7
217
233
47
138
246
214
236
122
203
189
77
32
85
215
109
209
174
144
179
81
87
32
87
252
195
14
34
9
136
195
222
32
86
100
91
141
191
54
251
120
178
31
152
78
96
116
205
53
158
199
61
148
217
202
77
94
182
227
72
34
59
59
54
186
1
119
28
250
46
193
202
63
212
210
144
176
3
221
27
158
154
121
7
81
150
72
203
62
206
97
214
14
134
238
12
100
229
189
135
235
91
176
217
159
243
236
89
110
66
215
6
145
123
107
67
207
97
222
41
199
123
158
64
35
139
103
151
217
17
235
161
160
66
239
240
131
60
229
2
36
209
189
21
174
140
231
91
123
173
118
92
228
46
7
145
28
106
154
48
87
194
31
169
180
21
191
255
74
207
147
152
52
95
103
52
43
111
37
208
126
154
77
127
186
183
107
36
114
187
150
157
176
210
6
190
169
213
222
20
218
87
36
24
21
217
58
220
78
249
219
149
188
110
67
31
108
97
146
136
174
106
11
190
245
190
137
238
74
179
234
142
247
22
157
192
76
135
7
183
54
222
64
244
129
217
249
23
127
218
20
32
161
43
130
243
57
74
160
216
146
106
58
147
54
67
6
145
113
176
116
140
140
119
214
61
121
87
242
165
159
174
140
216
105
234
112
208
70
11
131
184
16
59
246
124
203
178
80
224
244
189
112
0
235
169
84
221
130
157
127
154
99
79
248
34
184
58
156
148
211
31
190
15
231
10
63
78
195
44
22
25
93
177
201
218
120
3
17
17
104
135
30
238
105
19
138
141
190
12
92
117
184
93
186
97
181
227
15
213
61
188
69
124
19
0
107
50
222
70
177
164
248
248
6
91
138
132
34
241
43
131
87
189
110
139
246
115
204
240
7
187
71
66
144
211
181
192
174
157
167
81
71
185
114
36
177
180
34
129
200
202
211
213
87
244
159
174
102
84
59
250
52
78
179
73
229
84
125
176
43
181
109
84
81
14
28
247
176
35
104
48
98
186
52
136
183
247
86
171
143
192
171
30
204
199
162
0
73
118
29
72
202
113
7
81
182
114
67
159
62
41
57
132
8
174
143
110
101
188
167
46
77
105
243
13
251
48
8
228
75
199
39
137
114
92
194
165
175
220
245
135
249
146
132
34
129
175
133
129
41
109
173
254
83
204
241
215
29
111
134
145
67
165
201
170
156
183
240
120
12
87
236
245
24
54
209
227
238
94
96
212
195
239
40
188
208
189
164
48
78
157
128
101
84
100
36
11
197
169
84
205
154
21
121
184
167
233
37
23
155
38
140
19
227
70
129
41
65
142
55
208
87
5
0
157
221
203
140
225
117
143
213
21
106
71
31
204
173
20
80
156
172
1
98
228
156
140
254
107
147
103
15
101
36
1
66
70
215
166
182
87
255
82
225
35
200
161
172
125
30
4
42
175
239
162
73
189
239
113
186
121
224
124
195
29
68
22
177
243
49
193
62
140
191
86
125
41
214
249
196
191
54
149
78
248
138
75
80
74
91
160
178
144
26
238
244
207
67
0
79
120
233
48
169
239
173
84
125
78
27
167
168
165
69
36
51
154
63
140
181
209
146
170
189
213
134
57
220
211
132
21
60
124
11
216
76
105
91
254
145
230
199
23
226
237
51
152
8
46
221
38
206
176
1
234
201
185
99
15
213
240
15
156
86
213
10
183
115
246
75
117
37
240
241
133
113
138
12
36
39
107
35
92
137
78
177
46
208
172
168
194
49
9
3
155
208
49
192
150
28
183
136
45
2
124
248
225
182
42
149
72
192
94
96
12
222
88
160
254
21
147
254
197
79
155
148
102
100
61
59
45
99
45
244
90
58
60
111
108
37
9
112
51
182
114
153
159
242
146
171
21
69
142
231
140
248
46
20
25
117
23
216
74
81
143
213
205
114
196
23
174
104
186
136
57
174
5
178
231
172
213
225
77
53
227
175
242
132
40
84
146
85
70
227
115
210
6
244
175
217
117
134
65
26
4
250
243
64
137
93
57
71
173
238
210
196
124
195
103
93
1
153
145
180
105
172
41
183
88
169
43
102
172
234
152
162
129
104
237
106
65
70
26
217
232
238
21
55
186
113
69
146
196
101
78
237
48
243
183
6
94
91
138
53
115
172
39
97
164
50
224
38
155
157
179
23
0
47
224
143
29
28
85
230
64
18
83
31
204
106
124
190
245
135
162
65
95
190
72
28
204
141
172
4
231
229
158
17
110
65
225
226
11
179
52
11
69
98
214
14
35
118
158
82
247
167
152
240
5
123
30
165
10
227
239
137
9
50
105
229
250
80
237
220
194
53
221
6
209
193
183
195
236
157
29
80
88
40
84
60
103
92
118
138
198
236
218
192
83
123
123
184
126
146
123
174
81
65
215
65
230
124
120
48
9
35
171
198
31
171
27
251
185
165
72
48
51
128
166
156
77
163
60
174
47
197
172
54
105
210
30
212
31
133
91
204
206
61
10
245
158
227
231
15
110
105
64
200
140
160
137
103
205
176
145
106
99
53
227
85
231
55
1
4
71
127
6
6
114
214
150
247
181
136
250
129
255
154
164
39
19
74
147
141
187
47
241
251
94
168
249
201
60
201
3
171
81
181
25
252
183
189
84
125