128
0
0
0
160
243
193
255
50
89
25
253
27
125
75
73
143
213
157
114
239
25
174
105
178
141
169
143
29
114
99
172
213
193
77
53
227
7
251
176
40
84
194
87
214
243
89
210
198
245
39
208
113
135
89
94
2
250
179
105
143
93
56
79
168
238
114
206
124
195
175
93
10
151
209
181
97
169
185
150
64
105
175
102
172
202
152
162
129
192
228
94
65
70
74
219
120
254
63
55
122
112
205
155
192
100
86
169
54
243
247
47
88
91
139
61
118
172
135
107
164
50
40
38
144
147
243
22
10
42
224
175
47
200
85
52
64
50
91
159
204
194
117
143
244
135
230
71
207
174
66
30
12
140
44
5
230
229
158
65
236
147
161
225
3
243
53
41
77
82
247
36
55
114
76
82
253
163
216
241
39
126
191
37
50
183
237
147
9
18
105
37
250
90
224
124
226
45
201
130
65
145
158
205
40
156
53
88
253
41
84
56
231
70
54
131
196
236
219
64
95
218
123
138
58
20
169
238
120
73
147
64
196
113
72
17
59
243
171
68
15
161
27
251
184
175
69
164
19
170
178
24
69
179
61
166
171
197
12
55
92
211
6
212
31
133
11
206
198
125
10
245
158
118
231
61
106
105
128
152
132
168
13
102
69
185
160
203
91
165
101
31
167
31
15
192
70
223
10
55
83
206
198
117
117
152
218
139
255
154
134
42
35
107
161
157
63
183
177
248
94
232
249
227
52
89
34
179
85
181
83
188
148
177
80
125
137
115
217
192
142
50
7
216
184
241
102
210
206
83
164
58
53
43
122
240
159
211
107
104
240
109
178
35
103
45
118
155
140
197
111
186
171
77
33
18
179
34
184
183
119
22
56
63
205
136
63
220
115
33
53
56
77
15
74
218
41
32
211
19
98
207
19
106
72
2
12
12
126
77
77
233
56
133
104
67
49
227
45
51
50
209
84
68
219
2
178
88
215
99
245
135
72
245
15
59
177
0
98
163
193
131
124
56
77
97
124
144
188
243
205
57
77
162
148
100
149
209
108
26
247
0
92
39
50
253
227
151
167
129
234
124
94
106
6
207
95
236
190
28
58
74
208
85
19
64
54
36
109
60
175
230
7
88
126
170
21
187
62
173
9
33
48
186
55
154
148
227
23
144
191
193
86
111
246
215
36
16
59
84
174
205
240
189
13
13
215
98
195
91
239
65
30
156
12
134
137
102
191
172
134
226
11
176
75
15
66
52
1
144
68
199
86
184
116
90
66
85
160
104
208
151
175
24
68
114
162
103
199
88
51
110
37
251
104
108
248
27
109
102
8
149
209
61
201
40
189
167
0
125
43
102
222
229
222
39
33
205
205
251
112
66
72
75
248
149
18
191
254
120
67
23
97
116
240
237
224
107
204
33
208
95
8
21
255
184
133
141
38
234
170
52
148
145
242
20
163
174
197
172
171
88
217
116
17
29
25
27
206
203
93
10
221
7
102
135
15
236
107
82
137
38
174
40
103
199
124
3
40
27
186
237
11
247
148
12
241
102
199
198
53
50
142
99
251
225
217
121
138
107
27
52
50
37
227
211
114
63
107
161
242
94
104
217
211
185
205
210
209
250
185
69
172
30
191
208
125
11
178
250
57
142
36
141
204
233
250
105
66
238
121
44
190
134
43
246
118
79
147
234
97
100
108
56
239
97
39
20
94
138
29
126
186
166
89
33
8
42
50
64
197
217
18
170
47
231
135
138
221
233
224
22
193
29
27
200
142
120
43
220
22
66
215
159
238
59
82
136
130
42
12
76
233
157
165
226
143
55
233
79
246
54
9
69
68
214
22
178
72
78
70
45
245
242
245
135
123
184
13
151
162
81
71
95
225
47
161
254
22
237
216
202
188
109
18
17
209
231
129
172
146
51
81
245
33
242
221
241
206
38
131
216
202
222
32
87
110
94
141
159
4
47
120
96
31
184
70
224
116
101
60
175
198
61
208
223
90
93
84
180
35
73
162
58
58
54
186
81
245
206
186
45
201
138
62
124
222
52
49
35
93
153
76
154
115
15
209
151
224
207
159
238
75
214
142
84
190
15
106
225
189
165
227
95
145
193
139
247
166
25
76
64
215
6
19
119
251
99
229
177
94
225
215
80
156
128
34
33
102
55
217
59
171
39
160
18
237
246
3
60
109
11
133
241
151
69
172
14
167
88
123
41
118
92
228
187
7
145
220
110
202
48
125
200
223
168
182
24
191
223
96
203
19
144
36
95
97
180
43
101
37
212
95
168
217
121
96
183
75
44
54
187
22
145
129
211
52
46
47
87
158
55
218
211
36
176
28
120
58
220
222
255
27
133
188
100
67
31
230
101
150
169
156
42
141
182
165
151
137
110
75
145
234
27
215
22
141
68
212
199
14
181
114
222
226
240
128
249
225
147
253
138
84
9
165
239
131
81
53
235
128
234
214
108
40
131
22
65
134
145
83
189
65
172
190
115
86
165
57
116
240
229
159
6
136
220
200
248
228
86
92
75
160
184
20
59
94
117
106
178
80
112
242
125
96
0
225
169
84
87
134
153
94
168
35
201
240
114
145
58
28
149
113
30
42
47
231
74
57
4
195
38
28
29
92
51
197
74
249
35
213
149
104
215
23
232
237
18
40
137
30
44
118
49
62
197
186
74
189
167
14
253
53
141
69
124
87
6
107
34
245
72
241
165
240
253
147
251
178
128
34
249
123
128
81
121
110
9
250
231
236
240
23
63
93
82
154
215
49
193
12
153
7
113
109
253
244
188
177
159
42
197
201
226
219
228
87
244
219
168
102
68
16
244
116
79
187
76
112
244
69
180
43
189
61
87
87
202
28
215
184
18
73
40
230
184
38
200
158
245
146
170
143
192
62
30
204
7
166
80
73
92
23
136
203
115
10
81
150
88
71
31
54
57
57
130
136
174
37
106
241
60
173
110
75
235
243
12
255
116
8
236
70
98
6
187
166
220
82
165
174
222
117
135
219
159
180
3
179
191
1
25
105
110
173
190
83
230
249
71
60
119
130
145
9
229
234
166
152
183
120
113
61
246
212
101
158
124
145
203
224
154
97
252
206
126
169
156
212
189
60
32
68
157
68
100
212
104
133
11
247
237
210
31
218
60
113
252
166
75
41
179
186
20
12
17
249
70
171
43
129
142
61
221
247
37
24
137
89
91
220
200
123
75
212
21
98
67
190
198
41
150
130
220
165
11
34
229
190
132
206
74
185
115
11
183
36
11
70
6
214
172
179
87
223
96
53
35
26
161
140
117
158
4
130
166
222
163
73
249
233
225
170
115
226
188
194
191
69
23
145
243
113
71
62
220
150
86
249
40
116
253
241
159
28
17
204
48
138
74
82
206
91
138
183
161
58
196
180
73
75
0
100
112
41
49
11
238
172
116
79
10
29
45
248
167
71
164
51
146
58
140
21
219
146
170
117
213
141
55
156
210
140
16
172
93
19
24
200
105
91
222
145
230
199
191
235
217
51
152
88
44
77
54
228
176
193
235
65
176
103
14
205
180
9
156
22
252
12
183
114