128
0
0
0
160
243
193
255
50
89
234
235
177
82
142
199
176
9
78
86
255
0
243
114
126
71
208
132
200
229
1
107
202
47
36
39
107
139
85
189
78
177
126
210
60
184
232
49
201
2
19
217
53
193
142
88
177
136
109
43
122
248
224
190
47
149
232
202
94
96
196
222
83
174
190
20
155
251
85
110
131
84
226
100
61
27
45
99
45
92
83
14
60
111
60
39
153
96
25
182
178
152
23
251
150
170
13
1
136
231
204
209
40
20
24
125
18
216
234
91
143
213
5
114
207
25
238
105
178
141
169
143
29
114
99
172
213
193
77
53
227
7
251
176
40
84
194
87
214
243
89
210
198
245
39
208
113
135
89
94
2
250
179
105
143
93
56
79
168
238
114
206
124
195
175
93
10
151
209
181
97
169
185
150
64
105
175
102
172
202
152
162
129
192
228
94
65
70
74
219
120
254
63
55
122
112
205
155
192
100
86
169
54
243
247
47
88
91
139
61
118
172
135
107
164
50
40
38
144
147
243
22
10
42
224
175
47
200
85
52
64
50
91
159
204
194
117
143
244
135
230
71
207
174
66
30
12
140
44
5
230
229
158
65
236
147
161
225
3
243
53
41
77
82
247
36
55
114
76
82
253
163
216
241
39
126
191
37
50
183
237
147
9
18
105
37
250
90
224
124
226
45
201
130
65
145
158
205
40
156
53
88
253
41
84
56
231
70
54
131
196
236
219
64
95
218
123
138
58
20
169
238
120
73
147
64
196
113
72
17
59
243
171
68
15
161
27
251
184
175
69
164
19
170
178
24
69
179
61
166
171
197
12
55
92
211
6
212
31
133
11
206
198
125
10
245
158
118
231
61
106
105
128
152
132
168
13
102
69
185
160
203
91
165
101
31
167
31
15
192
70
223
10
55
83
206
198
117
117
152
218
139
255
154
134
42
35
107
161
157
63
183
177
248
94
232
249
233
52
108
2
179
65
177
73
236
183
179
16
125
131
118
217
224
188
230
7
10
184
209
110
82
206
251
173
11
52
43
62
246
15
195
97
106
48
108
50
34
102
45
118
203
14
23
47
185
163
13
32
58
187
130
56
143
115
22
248
127
197
130
187
221
249
40
49
57
85
223
74
192
57
10
215
151
99
197
30
254
104
40
24
136
118
93
76
225
188
133
200
66
4
226
53
51
50
209
4
70
211
66
178
90
210
86
117
141
92
241
221
107
153
12
98
162
195
131
236
57
103
117
248
66
188
243
197
185
77
162
148
97
148
209
120
30
247
0
124
37
50
253
235
159
162
128
242
104
218
184
6
229
81
172
190
156
51
122
81
95
195
64
102
100
79
52
107
230
141
81
122
171
13
107
62
183
25
11
52
62
54
144
153
119
55
186
171
69
94
127
247
223
160
16
155
85
155
204
232
189
13
13
135
96
203
27
239
107
27
9
140
140
153
226
239
236
132
238
15
177
225
14
211
53
1
212
66
151
22
177
112
158
67
95
165
253
240
165
187
28
198
114
168
101
135
89
153
106
20
218
66
44
126
131
109
108
12
213
208
61
204
188
29
135
64
251
161
38
215
231
154
38
137
196
108
251
112
210
78
139
232
149
24
191
254
242
71
19
64
70
176
107
232
59
229
33
80
94
170
20
107
152
133
205
32
160
170
62
158
149
243
188
175
63
196
134
251
90
217
100
17
25
93
26
206
203
105
10
239
7
102
31
79
196
109
18
136
174
167
184
103
223
120
131
50
11
177
231
75
246
20
0
197
102
199
134
179
32
158
66
251
33
217
219
139
90
186
12
230
37
97
195
88
59
111
160
248
83
252
249
249
173
73
218
193
251
177
193
172
190
190
229
124
19
178
250
57
222
38
133
140
233
250
105
215
238
75
40
190
70
123
254
126
203
146
200
108
240
76
32
123
231
47
68
125
142
93
126
24
162
108
1
34
174
176
136
197
216
16
46
47
205
130
187
253
195
160
144
201
29
48
192
78
121
137
221
23
98
229
219
232
177
2
138
128
170
12
198
232
172
164
208
75
51
99
95
253
48
13
68
196
223
134
179
80
26
68
45
181
218
253
131
122
186
13
54
131
73
7
89
171
127
169
252
82
236
88
198
24
108
18
133
87
165
145
135
154
51
80
255
36
194
124
227
90
160
219
136
233
212
160
87
238
82
188
158
54
191
254
226
95
155
70
100
116
205
53
14
198
61
64
217
154
77
84
190
35
73
40
62
62
23
136
17
115
198
234
4
201
10
63
94
219
164
16
59
153
29
20
218
123
7
209
150
66
206
11
206
75
150
136
30
190
5
96
229
188
37
239
110
144
243
27
113
36
89
111
64
83
6
187
126
90
99
229
33
88
33
199
80
150
128
34
131
98
151
121
27
235
161
104
66
228
254
195
61
237
7
180
240
165
213
42
140
231
123
123
173
118
244
237
26
7
145
76
104
10
32
125
194
223
168
60
28
187
254
82
139
149
152
116
118
97
52
42
199
36
64
127
168
153
127
42
183
65
38
50
186
150
157
176
210
6
190
169
213
222
20
218
87
36
24
21
217
58
220
78
249
219
149
188
110
67
31
108
97
146
136
174
106
11
190
245
190
137
238
74
153
234
143
119
28
9
70
76
199
14
181
246
222
226
240
21
249
225
83
249
218
84
35
175
47
130
83
56
235
160
192
210
236
32
147
22
71
6
145
249
185
213
44
180
51
80
39
57
117
244
161
159
142
129
125
232
210
180
84
222
11
163
184
144
59
94
117
255
178
80
176
246
45
96
42
235
105
85
85
139
153
126
130
39
73
248
98
145
60
156
149
219
26
190
175
237
10
63
134
195
39
24
89
92
179
204
127
121
3
1
149
114
151
20
232
237
18
40
137
30
44
118
49
62
197
186
74
189
167
14
253
53
141
69
124
87
6
107
34
245
72
241
165
240
253
147
251
178
128
34
249
123
128
81
121
110
9
250
231
236
240
23
63
93
82
154
215
49
193
12
153
7
113
109
253
244
188
177
159
42
197
201
226
219
228
87
244
219
168
102
68
16
244
116
79
187
76
112
244
69
180
43
189
61
87
87
202
28
213
184
130
72
2
242
60
244
200
158
253
18
170
143
192
59
31
204
19
162
80
73
124
21
136
203
123
2
84
151
64
83
155
228
57
19
140
200
174
15
103
193
189
141
122
79
241
243
13
245
116
8
198
70
83
167
155
50
90
72
165
174
222
181
135
121
155
32
35
171
251
135
25
41
109
163
186
83
70
248
230
60
111
194
23
19
229
202
162
152
183
240
120
156
86
236
33
24
102
209
233
230
158
97
212
198
78
168
156
208
189
108
48
110
149
196
101
118
108
32
42
221
189
80
135
218
55
123
184
167
107
41
135
187
12
92
147
43
86
170
43
129
143
31
213
82
4
0
153
93
73
140
202
119
143
212
191
110
211
159
198
237
18
210
156
173
5
38
228
20
133
95
75
185
55
13
231
100
2
66
194
215
166
182
194
255
82
33
39
152
161
134
119
222
5
40
162
239
130
99
185
111
121
170
121
230
252
195