128
0
0
0
160
243
193
255
50
89
41
214
252
80
31
22
5
200
226
202
72
80
142
91
8
187
49
26
238
100
201
131
16
79
114
233
48
35
235
169
117
79
14
157
175
248
140
69
164
50
56
62
24
149
209
210
172
247
213
140
51
216
210
4
25
13
125
57
72
202
235
27
221
145
98
199
191
235
76
51
152
152
40
29
54
206
186
1
234
67
189
103
46
231
176
137
148
6
252
10
55
114
92
74
117
165
250
53
129
163
138
6
46
167
106
163
80
45
79
131
126
82
126
232
203
59
77
2
49
212
144
224
188
136
49
64
45
2
112
120
225
150
42
5
233
248
94
224
134
142
112
164
58
20
185
246
240
79
177
132
98
172
125
50
39
227
44
116
86
158
61
93
60
167
219
48
58
188
54
152
53
246
51
139
63
209
8
47
140
248
34
148
25
85
23
72
235
105
143
85
71
34
236
19
106
105
144
128
12
174
47
162
227
100
149
232
71
181
226
47
254
32
41
102
194
215
148
163
122
216
66
245
5
221
212
166
107
142
130
50
243
64
133
221
57
103
173
126
115
252
124
67
237
13
41
157
85
181
67
164
28
183
114
185
47
174
236
227
146
34
128
232
225
206
64
116
74
91
58
174
28
61
254
112
239
150
101
69
100
121
182
59
183
6
82
219
138
21
115
60
134
89
164
178
106
118
179
153
119
22
40
39
69
142
29
24
213
252
0
27
81
31
205
234
112
31
245
181
230
199
141
254
97
20
136
140
14
8
67
196
172
145
108
91
225
200
9
115
52
1
72
194
246
22
55
242
14
2
222
169
92
241
5
115
26
4
0
103
109
91
73
59
99
165
251
114
229
236
227
31
201
2
3
193
189
199
172
156
23
85
88
8
102
232
103
142
118
170
206
108
218
104
90
74
122
184
58
148
235
190
91
67
23
64
230
124
237
48
9
35
43
140
79
136
17
123
185
141
64
1
50
152
166
156
29
179
61
174
111
197
36
63
249
210
6
208
159
159
75
199
196
125
11
117
146
215
231
15
46
239
82
216
173
160
73
103
231
181
4
234
105
37
103
5
167
53
13
0
70
223
7
7
210
196
194
245
247
136
241
139
255
155
46
46
130
75
139
157
191
101
225
251
80
236
249
193
60
93
3
171
65
177
25
252
182
179
80
125
11
127
73
224
164
226
135
16
168
218
100
18
207
115
164
170
148
19
122
112
21
131
67
108
52
108
152
43
82
45
92
139
136
13
47
179
161
205
32
146
191
134
185
133
39
148
234
127
196
130
123
221
217
37
148
24
103
155
204
18
41
32
223
147
98
79
23
106
72
2
216
140
172
29
68
225
252
132
74
78
148
194
31
227
178
25
20
109
209
130
179
122
210
198
212
181
92
113
87
59
177
8
166
163
233
139
217
57
77
101
252
138
252
250
207
57
76
0
152
80
181
227
56
24
189
0
124
45
50
252
227
159
2
128
192
120
222
32
70
204
89
232
191
190
59
219
113
109
83
198
166
36
102
62
47
231
141
81
234
170
13
191
62
231
25
1
60
254
55
16
152
227
151
154
63
67
6
111
247
213
32
16
17
81
159
237
218
253
139
5
215
73
203
155
238
235
26
8
140
140
201
96
61
172
135
230
79
176
195
6
227
20
43
192
70
69
22
187
116
222
66
95
160
200
240
143
191
28
14
98
162
107
131
88
59
110
177
251
104
124
252
27
109
103
6
145
209
151
200
25
157
141
148
123
241
54
252
229
218
39
161
193
105
250
112
214
206
9
232
190
26
191
255
90
67
178
96
108
176
235
58
107
230
47
84
94
136
28
111
185
157
217
36
234
234
28
156
149
243
52
163
154
196
180
251
218
11
100
16
29
25
26
236
195
248
43
197
23
98
149
95
238
103
150
137
4
166
137
71
245
236
133
232
91
147
231
79
246
148
12
97
103
199
18
53
98
142
105
243
33
216
249
139
255
187
20
166
35
187
195
114
53
235
161
120
90
108
248
225
249
75
218
129
211
185
197
173
60
186
64
92
19
118
126
97
206
44
133
204
232
88
104
214
206
121
108
184
204
43
252
124
75
146
96
109
96
77
18
175
231
191
68
87
140
29
127
24
162
108
1
34
174
176
136
197
216
16
46
47
71
131
139
92
209
224
150
67
29
26
194
10
120
43
220
131
66
229
155
238
251
2
128
138
174
13
198
224
153
164
250
95
55
243
95
220
50
141
68
78
219
130
146
98
90
194
37
229
243
253
3
123
24
12
162
163
73
71
95
225
127
163
246
86
237
216
202
41
109
32
21
209
39
209
164
154
183
80
221
44
83
221
241
138
160
145
152
195
220
228
86
198
87
44
159
4
191
126
160
15
184
76
224
116
77
57
63
199
15
208
95
24
13
119
190
167
73
128
55
159
23
136
129
117
6
250
4
195
10
63
212
223
160
49
9
217
155
28
138
82
7
81
151
224
207
159
238
75
214
142
84
190
15
106
225
189
165
227
95
145
193
139
247
166
25
76
64
215
6
19
119
251
99
229
177
94
225
215
80
156
128
34
171
103
7
120
41
235
33
42
18
199
244
71
61
207
10
17
209
151
5
170
68
167
82
113
45
119
212
232
30
166
169
200
234
208
112
94
200
223
168
30
17
139
223
96
155
17
0
52
117
97
116
42
237
44
208
94
176
157
127
96
247
98
42
54
186
30
148
129
115
62
46
47
159
158
60
212
147
37
184
25
232
27
196
30
123
27
133
156
100
67
31
78
108
162
169
156
122
143
38
181
189
137
174
74
187
226
139
246
14
137
68
158
135
45
185
118
222
106
249
177
88
217
3
123
192
20
33
171
43
130
241
57
218
161
242
134
238
232
147
54
75
134
145
113
176
113
141
140
99
210
61
121
119
240
165
159
44
128
76
233
224
224
86
22
11
131
180
16
59
214
124
91
19
104
224
116
55
32
40
239
109
85
247
138
168
127
176
115
75
48
98
177
48
28
149
83
19
26
14
213
90
189
156
131
37
28
93
92
17
205
78
120
49
85
151
186
151
52
228
109
18
160
128
186
141
78
97
188
223
250
72
185
163
14
93
52
44
69
100
23
128
113
34
213
76
241
165
120
244
50
91
138
196
164
227
59
162
87
125
110
163
243
211
236
218
87
185
71
82
144
213
241
193
174
157
147
81
117
185
114
188
241
156
36
193
201
106
218
228
247
230
27
44
180
68
48
248
52
79
145
65
64
117
101
160
47
167
61
86
93
202
28
213
184
130
72
2
242
60
244
200
158
253
18
170
143
192
59
31
204
19
162
80
73
124
21
136
203
251
3
192
151
64
3
153
124
41
51
142
8
175
15
103
245
189
191
122
79
105
179
37
243
52
9
102
79
98
7
137
182
216
154
181
165
220
181
134
91
147
133
2
179
235
131
11
121
111
175
126
83
196
244
215
189
101
134
145
139
165
194
164
220
182
248
125
156
118
244
53
156
54
209
195
238
94
96
246
203
235
137
174
192
185
190
32
78
159
4
101
126
108
180
42
221
173
84
135
218
54
117
188
167