128
0
0
0
160
243
193
255
50
89
109
144
43
86
172
100
219
138
23
111
144
161
9
32
146
191
19
185
133
231
144
186
127
238
136
187
220
219
40
148
56
77
159
76
26
57
32
217
19
98
69
23
110
105
48
76
138
118
29
100
233
184
132
202
66
165
195
45
115
52
155
84
78
209
6
179
210
219
103
212
181
204
119
151
43
177
2
166
163
99
143
221
24
127
37
122
130
172
211
207
185
77
128
153
81
181
227
104
154
111
64
127
37
114
253
193
151
50
161
234
108
218
242
70
198
93
168
190
180
62
219
81
95
135
198
116
36
70
54
175
231
37
88
219
171
13
251
56
119
9
11
62
62
54
26
157
115
22
136
235
195
86
47
222
223
32
17
57
84
15
236
232
253
11
71
135
106
193
31
238
201
23
173
173
190
25
224
245
236
174
236
207
177
235
3
115
21
25
192
198
7
70
152
126
90
66
119
173
88
241
165
191
156
220
50
161
103
135
88
25
102
181
218
112
104
248
81
45
69
4
145
209
21
196
137
189
167
68
251
57
38
215
231
26
38
137
196
108
251
112
210
78
139
232
149
24
191
254
242
71
19
64
70
176
107
232
59
229
33
80
94
170
20
107
152
133
205
32
160
170
62
158
149
243
182
175
10
228
158
43
90
195
116
59
31
217
27
196
198
253
42
197
19
226
23
95
197
101
150
136
14
166
141
102
199
120
131
50
91
179
239
11
246
20
0
80
102
245
130
179
224
206
74
243
165
216
81
130
94
187
20
54
37
123
211
114
63
235
161
242
94
104
217
211
185
205
210
209
250
185
69
172
30
191
208
125
11
178
250
57
142
36
141
204
233
250
105
66
238
121
44
190
134
43
246
118
79
147
224
97
81
76
32
63
97
61
4
116
140
153
127
176
171
205
1
34
62
182
72
213
216
26
46
47
71
134
191
220
241
224
22
193
77
25
192
206
120
33
220
182
98
229
143
234
225
82
163
136
238
13
204
229
153
132
200
139
55
33
95
252
58
13
68
230
210
179
147
98
30
196
181
245
249
255
195
122
152
13
163
163
73
23
221
51
63
160
254
22
236
240
194
137
237
24
17
209
231
145
172
144
51
81
87
37
87
220
233
90
160
139
136
233
216
96
87
204
90
184
191
46
171
250
168
31
185
68
100
116
79
57
158
230
23
144
89
82
93
127
188
227
72
8
62
174
182
176
17
243
76
186
44
205
206
62
116
211
145
16
17
137
25
220
154
114
13
81
151
194
194
175
207
121
198
10
204
254
12
106
161
189
143
235
207
176
217
143
247
236
89
111
76
211
6
59
122
90
99
229
245
216
243
151
89
158
68
35
3
110
166
120
41
123
39
234
2
199
254
71
61
69
14
21
240
165
69
44
76
247
123
113
173
118
126
233
30
38
163
12
238
2
112
84
194
95
169
188
29
186
254
82
219
23
74
52
117
105
116
43
229
44
112
94
130
141
123
248
183
75
34
114
187
156
152
176
242
52
106
169
7
222
52
210
215
36
176
28
232
59
220
10
255
75
133
182
108
131
30
102
100
2
9
188
190
139
238
181
151
131
238
75
185
239
139
214
36
141
196
150
151
45
191
246
222
192
253
37
216
211
67
125
66
20
32
175
111
130
121
48
123
129
216
214
236
106
211
53
75
2
145
123
176
209
173
148
115
214
119
105
119
252
225
159
36
128
216
233
224
240
82
22
11
130
186
20
59
220
121
250
146
122
160
114
181
112
43
227
105
85
127
131
156
95
168
39
73
114
114
186
56
28
148
217
26
139
15
205
74
185
214
147
37
18
25
92
25
205
218
120
49
69
147
186
151
53
234
105
18
170
133
27
12
92
33
186
93
170
75
181
167
14
215
61
136
100
86
87
6
225
50
222
76
113
164
80
249
3
90
138
84
34
161
123
161
93
121
110
1
255
119
205
232
215
187
93
82
186
215
49
193
164
144
51
113
109
173
246
44
161
181
42
5
200
106
210
224
86
236
159
174
102
4
57
242
116
78
51
77
116
85
87
48
169
103
125
94
91
142
29
253
176
39
73
2
246
188
238
136
151
255
18
171
15
204
154
31
254
87
36
130
9
85
29
204
202
217
14
240
182
114
211
153
254
57
57
142
8
174
143
107
81
60
135
46
205
235
163
14
249
244
8
100
79
195
38
145
246
222
208
229
173
222
241
135
219
159
33
3
179
127
5
73
105
68
167
126
82
228
244
71
28
93
134
17
1
245
234
160
24
183
210
117
169
118
222
37
152
254
145
202
228
222
97
118
199
79
136
156
144
59
108
96
71
149
64
100
212
104
21
10
247
57
210
79
218
54
121
60
167
65
44
182
155
38
28
21
35
86
129
35
65
142
31
213
199
4
50
157
93
137
220
194
127
11
213
55
103
226
62
254
125
148
152
220
133
11
226
229
180
137
110
106
161
103
143
39
116
34
72
194
215
132
187
242
222
96
49
163
0
225
133
119
158
5
2
170
127
163
123
189
111
51
234
90
234
248
195
157
72
39
176
193
161
71
188
204
156
86
249
41
126
240
101
191
54
5
72
56
154
75
90
74
91
42
182
148
59
220
180
73
75
80
102
120
105
49
3
238
173
212
119
138
31
117
168
175
79
164
50
26
51
40
180
227
194
40
111
149
143
51
152
210
46
17
157
92
33
76
202
161
91
254
157
102
199
55
226
125
146
160
8
174
87
118
230
180
197
235
227
177
86
15
255
224
11
84
22
220
0
55
114
126
71
69
132
200
37
5
59
202
5
46
231
106
137
88
189
110
155
122
82
52
168
232
55
73
2
185
221
161
65
132
24
183
10
109
42
126
188
224
54
38
52
200
224
14
98
70
158
80
174
58
20
155
251
192
110
131
148
230
52
61
49
39
163
44
94
94
14
28
69
56
167
145
112
25
176
50
152
189
255
2
42
7
65
142
101
204
208
44
80
24
245
27
121
202
113
223
215
135
50
204
25
106
105
178
141
60
143
29
178
103
252
213
235
71
245
226
5
246
176
8
126
198
215
222
227
89
212
70
245
141
212
229
7
83
30
4
120
179
104
139
25
56
197
161
223
83
206
56
69
255
29
9
159
213
181
97
169
41
151
64
189
175
54
172
192
144
98
128
202
225
91
96
116
90
223
162
238
21
63
186
112
77
146
100
101
124
253
52
107
247
47
86
31
139
159
127
60
6
97
96
182
176
102
147
147
183
22
168
46
225
143
55
76
215
100
0
27
95
91
205
96
121
46
212
181
162
65
221
190
98
28
140
140
14
8
211
197
172
69
108
11
225
194
1
179
53
139
76
83
215
36
119
244
76
2
212
163
92
240
133
122
138
5
24
51
111
91
9
19
107
161
250
112
229
77
194
7
137
4
73
145
181
197
232
157
151
89
252
9
102
124
225
204
102
129
198
108
219
72
90
218
219
128
58
20
97
238
115
71
211
65
204
116
216
48
35
51
47
68
15
129
27
251
184
7
76
144
19
170
226
26
213
163
23
166
107
196
132
62
88
210
30
144
25
133
75
231
192
125
11