128
0
0
0
160
243
193
255
50
89
197
46
63
109
82
20
148
25
87
11
228
204
57
11
117
146
71
230
15
250
239
2
216
167
168
137
102
237
176
1
203
91
53
99
223
183
31
5
192
70
85
14
51
114
252
134
243
125
200
243
139
127
155
36
43
183
75
161
221
57
253
177
242
84
236
248
99
56
104
35
129
197
51
209
252
183
177
212
125
33
122
120
192
142
162
1
24
168
241
108
210
206
217
160
62
20
25
58
118
151
131
66
104
112
108
16
34
243
13
118
219
138
143
111
176
161
73
32
146
191
19
185
133
231
144
186
127
238
136
187
220
219
40
148
56
77
159
76
26
57
32
217
19
98
69
23
110
105
48
76
138
118
29
100
233
184
132
202
66
165
195
45
115
52
155
84
78
209
6
179
210
219
103
212
181
204
119
151
43
177
2
166
163
99
143
221
24
127
37
122
130
172
211
207
185
77
128
153
81
181
227
104
154
111
64
127
37
114
253
193
151
50
161
234
108
218
242
70
198
93
168
190
180
62
219
81
95
135
198
116
36
70
54
175
231
37
88
219
171
13
251
56
119
9
11
62
62
54
26
157
115
22
136
235
195
86
47
222
223
32
17
57
84
15
236
232
253
11
71
135
106
193
31
238
201
23
173
173
190
25
224
245
236
174
236
207
177
235
3
115
21
25
192
198
7
70
152
126
90
66
119
173
88
241
165
191
156
220
50
161
103
135
88
25
102
181
218
112
104
248
81
45
69
4
145
209
21
196
137
189
167
68
251
57
38
215
231
26
38
137
196
108
251
112
210
78
139
232
149
24
191
254
242
71
19
64
70
176
107
232
59
229
33
80
94
170
20
107
152
133
205
32
160
170
62
158
149
243
182
175
10
228
158
43
90
195
116
59
31
217
27
196
198
253
42
197
19
226
23
95
197
101
150
136
14
166
141
102
199
120
131
50
91
179
239
11
246
30
0
101
70
245
150
183
250
158
105
241
229
216
91
135
94
155
38
226
37
169
211
82
55
107
161
90
87
89
216
211
253
203
66
193
240
187
133
173
158
190
209
125
11
226
120
235
206
39
133
140
232
210
97
226
110
65
40
190
70
107
254
124
203
146
106
104
85
77
56
239
97
39
20
94
136
29
126
186
166
89
33
8
42
50
64
197
217
18
170
47
231
135
138
221
233
224
22
193
29
27
200
142
120
35
217
131
226
239
155
238
51
2
139
132
238
12
206
229
9
133
226
159
179
243
95
252
50
141
68
230
210
182
146
98
10
192
181
245
217
253
195
122
144
5
166
162
81
3
89
225
63
138
240
86
236
112
203
185
108
18
193
209
183
209
142
152
247
81
221
44
83
221
241
138
160
145
152
195
220
228
86
198
87
44
159
4
191
126
160
15
184
76
224
116
239
56
171
231
15
144
89
82
13
125
180
163
72
34
59
59
54
186
1
119
28
250
46
193
202
63
222
210
0
17
17
205
31
140
218
123
9
149
150
200
199
58
239
75
210
14
78
254
6
104
225
188
37
239
254
145
243
207
113
116
89
101
72
147
7
59
127
206
195
197
181
94
121
215
80
156
0
34
171
103
7
120
41
235
33
42
18
199
244
71
61
207
10
17
209
151
5
170
68
167
82
113
45
119
220
232
138
6
163
76
232
72
112
94
200
91
168
20
17
43
255
120
139
21
74
36
117
109
48
42
229
44
68
94
176
141
123
96
247
99
36
50
186
20
145
32
242
44
110
41
29
206
63
216
151
37
48
16
220
59
220
74
121
89
149
151
108
67
30
196
101
51
168
132
106
139
108
165
189
135
234
74
179
226
31
246
14
153
64
158
135
44
183
114
222
96
252
16
217
203
67
125
66
68
34
167
47
130
121
48
238
129
234
210
236
170
131
61
67
134
144
89
189
69
141
140
231
80
127
57
84
248
161
159
134
132
237
201
202
116
208
222
11
131
184
144
59
246
124
203
178
80
224
244
189
112
0
235
169
84
221
130
157
127
154
99
79
248
34
184
58
156
148
83
27
186
14
255
142
189
92
131
46
20
29
93
153
196
74
121
41
17
145
186
215
29
226
109
19
168
133
186
45
68
97
188
23
250
67
183
227
15
87
49
44
101
86
195
128
163
34
245
68
113
165
90
252
51
251
152
192
164
249
43
130
87
249
110
129
243
70
204
218
71
61
223
18
153
215
181
193
12
153
146
113
109
61
240
236
177
181
32
5
200
224
214
228
119
222
223
40
110
84
16
242
244
79
17
72
228
116
79
244
45
63
61
86
83
142
28
95
177
179
105
2
182
186
164
136
157
245
22
170
143
192
171
30
204
199
162
0
73
118
29
72
202
113
7
81
182
114
67
159
62
41
57
132
8
174
45
111
241
156
167
110
75
35
243
7
241
52
9
228
67
242
39
163
102
88
82
165
142
222
117
135
115
150
128
3
179
239
3
137
121
68
173
126
82
110
240
67
61
111
198
151
9
165
195
160
152
182
112
116
61
86
222
101
158
180
145
192
238
218
96
246
203
126
137
174
0
189
238
32
100
149
196
100
124
97
180
10
247
169
212
143
202
54
115
60
167
203
40
178
186
20
92
147
43
6
168
35
193
143
23
213
83
164
56
25
95
17
220
194
127
143
213
55
103
119
62
254
189
144
200
220
175
1
34
228
182
132
110
74
139
99
15
47
100
34
78
66
215
46
191
102
94
106
113
165
130
225
132
115
218
5
138
163
222
131
81
237
109
177
170
89
234
124
195
157
72
178
176
193
97
67
236
204
182
92
57
40
124
253
101
159
28
1
200
48
138
75
92
202
91
128
178
0
187
214
244
79
201
80
103
124
45
49
131
231
152
84
87
94
31
111
232
172
79
164
50
26
51
40
180
227
194
40
111
149
143
51
152
210
46
17
157
92
33
76
202
161
91
254
157
102
199
55
226
125
146
160
8
174
87
118
230
180
197
235
227
177
86
15
255
224
11
84
22
220
0
55
114
126
71
69
132
200
37
5
59
202
5
46
231
106
137
88
189
110
155
122
82
52
168
232
55
73
2
185
221
161
65
132
24
183
10
109
42
126
188
224
52
38
164
201
202
26
230
148
158
80
166
186
20
155
251
197
111
131
128
226
52
61
17
37
163
44
86
86
11
29
93
44
35
67
112
51
190
114
152
151
242
50
171
39
85
138
127
204
209
38
80
24
223
27
72
107
81
75
81
157
50
204
25
170
105
16
137
168
175
5
246
225
252
149
232
73
241
226
165
247
17
8
102
134
81
196
227
121
208
70
245
5
221
68
167
107
90
130
98
243
74
141
29
56
237
169
239
82
206
60
69
175
13
35
151
85
180
195
173
140
182
106
237
45
174
172
203
154
38
129
234
225
111
97
108
10
93
112
254
20
63
186
113
111
154
193
68
100
237
48
121
167
45
90
219
139
53
115
172
39
97
164
50
224
38
155
157
179
23
2
47
112
142
55
8
209
52
64
18
91
159
204
106
124
187
244
135
182
69
95
190
104
30
204
141
164
12
226
228
134
5
234
147
225
200
5
243
52