128
0
0
0
160
243
193
255
50
89
20
155
254
193
206
163
196
100
126
125
24
45
167
45
244
90
175
60
111
172
33
89
112
25
188
178
152
157
255
146
139
63
65
14
239
156
248
40
148
25
223
19
76
202
91
207
211
79
114
197
19
234
104
50
129
152
142
47
226
229
46
149
226
77
177
227
175
242
17
40
84
82
81
22
227
89
216
198
245
173
212
117
166
107
30
132
242
227
64
143
221
57
237
169
122
82
206
60
197
229
93
0
157
213
180
225
165
136
151
114
249
41
228
236
233
152
38
129
104
237
255
65
70
218
221
184
238
63
61
122
112
71
159
196
69
100
233
176
251
167
6
88
219
138
159
119
56
167
107
228
52
98
38
154
153
247
23
138
38
209
174
29
88
211
182
0
17
91
27
204
106
124
46
244
135
118
65
15
190
66
20
12
140
166
1
226
196
172
1
106
155
241
200
3
115
52
139
76
198
215
36
119
116
6
82
247
169
220
240
167
114
142
36
0
39
107
17
73
49
105
161
250
242
233
221
226
45
89
132
129
129
158
199
40
156
191
92
249
8
102
120
97
78
102
170
196
108
218
226
94
78
91
138
122
18
227
238
114
67
151
65
68
125
121
16
9
99
45
198
79
130
27
127
184
7
76
5
19
170
34
30
133
163
61
172
171
197
134
51
88
242
52
148
153
141
91
231
198
253
11
87
159
226
199
61
42
111
202
152
142
162
9
103
197
181
145
202
105
53
227
157
231
60
15
68
70
119
3
150
83
206
86
115
181
136
218
129
255
154
12
46
39
74
147
221
185
191
225
209
94
104
248
65
53
205
2
179
21
179
25
188
158
187
84
124
9
127
232
193
188
162
129
90
248
210
102
86
206
251
173
155
53
43
234
246
95
195
107
98
240
109
56
39
99
12
68
219
10
205
63
147
171
205
32
176
178
182
152
183
55
16
114
63
199
130
59
221
249
45
49
25
127
139
200
66
57
32
209
215
98
109
31
203
104
48
72
10
108
93
109
235
184
133
74
78
4
195
31
55
178
73
20
103
217
66
178
112
215
195
245
135
76
117
141
43
155
0
102
163
99
130
237
153
117
33
250
0
188
248
207
185
76
40
157
240
149
201
104
26
189
16
124
43
118
253
227
159
54
128
242
120
222
184
6
228
95
168
190
54
50
75
113
117
87
70
188
52
109
52
111
230
5
88
75
10
53
251
184
253
89
35
58
250
55
48
149
70
22
162
251
199
158
111
215
213
160
16
185
88
171
237
218
173
137
149
199
99
203
91
239
99
19
12
141
148
141
102
61
236
174
224
79
177
107
7
115
21
25
20
70
213
22
145
118
158
67
85
160
253
208
151
111
28
20
114
136
109
7
89
49
99
37
219
66
104
120
19
125
102
14
21
209
55
201
44
156
149
148
123
241
102
254
237
154
39
131
193
105
218
66
194
74
81
248
191
16
127
254
114
78
183
65
108
228
105
112
59
229
47
20
94
32
29
90
185
133
137
166
240
234
61
150
145
243
182
175
154
229
158
255
90
147
116
49
23
25
26
68
199
105
138
229
135
228
79
79
197
111
22
136
132
162
137
71
245
56
5
58
11
154
239
139
247
182
1
196
70
245
194
181
170
206
64
249
161
217
209
142
111
186
38
166
163
249
147
81
63
111
161
80
87
252
249
203
249
203
8
209
208
181
193
173
158
182
64
124
19
230
248
57
206
12
133
200
232
248
105
227
207
97
108
184
204
123
254
116
11
146
96
109
245
77
32
171
231
127
20
95
132
153
126
146
171
104
0
58
126
176
146
213
242
20
170
46
199
143
47
221
233
180
20
193
13
49
200
202
121
41
220
34
99
253
219
232
177
82
136
136
234
12
70
236
61
165
250
203
177
177
79
247
58
141
69
206
223
130
146
98
142
66
247
181
250
245
199
122
58
1
7
130
123
151
223
41
63
138
252
214
236
240
207
185
108
18
21
81
101
129
135
144
51
80
255
33
246
252
195
90
32
89
216
234
214
100
87
110
86
184
159
46
59
124
240
31
153
68
96
116
239
56
171
231
15
144
89
82
13
125
180
163
72
0
59
174
22
186
17
243
132
186
39
195
142
63
124
214
1
49
9
73
157
220
154
82
13
81
151
224
202
171
110
107
214
14
214
238
12
104
37
189
165
227
95
145
193
139
247
166
25
76
64
215
6
19
119
251
99
229
177
94
225
215
80
156
128
34
171
103
7
120
41
235
33
42
18
199
244
71
61
207
10
17
209
151
5
170
68
167
82
113
45
119
220
232
138
6
163
76
232
72
112
94
200
91
168
30
17
30
223
96
91
21
80
52
95
107
180
43
239
33
208
126
154
153
255
104
231
98
44
182
186
22
145
129
211
52
46
47
87
158
55
218
211
36
176
28
120
58
220
222
255
27
133
188
100
67
31
230
101
150
169
156
42
141
182
165
151
137
110
75
51
235
143
247
22
205
66
158
199
4
191
118
223
98
252
177
248
211
3
123
8
20
42
165
107
131
249
60
74
128
234
70
106
232
147
22
75
134
145
217
185
69
141
140
51
208
173
105
93
240
101
158
164
137
72
232
248
164
80
22
75
170
178
16
58
214
121
207
19
104
100
118
103
32
35
225
169
84
255
143
173
94
168
115
203
96
98
187
58
220
148
249
23
46
46
255
14
63
4
131
15
26
29
93
51
192
222
249
35
81
151
56
215
28
230
41
19
32
140
27
13
110
49
190
149
186
64
183
103
15
87
49
185
101
86
3
132
243
34
223
78
177
164
210
240
3
122
160
132
34
123
59
168
83
61
111
137
246
70
108
208
71
61
23
18
146
217
245
192
4
156
2
80
117
253
116
236
177
149
32
5
200
72
223
208
119
222
143
42
254
68
58
242
52
78
153
65
224
117
87
176
43
63
125
127
85
142
29
87
180
179
201
8
182
186
108
136
150
251
86
171
135
197
59
63
212
7
38
0
73
86
29
72
202
217
14
101
182
114
19
157
174
57
19
132
200
175
7
103
97
189
191
106
75
105
179
36
253
48
9
108
74
195
134
155
246
222
24
229
166
208
177
134
209
154
33
35
129
171
5
155
105
100
175
254
82
76
253
118
29
93
194
23
145
229
224
162
216
182
82
116
168
118
222
117
26
44
209
201
236
158
96
84
207
127
169
182
132
63
190
96
77
145
0
101
246
109
180
138
207
109
208
85
218
22
121
252
167
75
33
22
187
62
8
145
179
6
168
45
133
143
149
220
246
37
50
217
219
217
156
193
119
15
213
55
103
114
63
254
169
148
200
220
143
3
34
228
62
141
255
75
147
39
137
101
116
40
66
194
214
4
178
98
223
120
101
161
0
161
173
127
154
4
0
170
222
130
99
253
105
121
186
82
232
188
194
29
68
131
177
193
53
193
254
220
183
94
249
40
94
240
245
30
14
5
200
178
202
99
94
142
90
0
190
161
59
246
164
77
131
16
111
114
233
48
139
226
157
117
79
94
159
63
232
166
69
100
51
176
55
28
148
201
150
170
247
149
165
53
216
211