128
0
0
0
160
243
193
255
50
89
129
104
232
107
225
102
74
91
162
174
60
61
190
112
239
150
101
69
100
121
182
59
183
6
82
219
138
21
115
60
134
89
164
178
106
118
179
153
119
22
40
39
69
142
29
24
213
252
0
27
81
31
205
234
112
31
245
181
230
199
141
254
97
20
136
140
14
8
67
196
172
145
108
91
225
200
9
115
52
1
72
194
246
22
55
242
14
2
222
169
92
241
5
115
26
4
0
103
109
91
73
59
99
165
251
114
229
236
227
31
201
2
3
193
189
199
172
156
23
85
88
8
102
232
103
142
118
170
206
108
218
104
90
74
122
184
58
148
235
190
91
67
23
64
230
124
237
48
9
35
43
140
79
136
17
123
185
135
64
52
18
152
178
152
7
227
30
172
47
197
46
58
249
242
52
4
159
77
75
231
204
253
11
221
155
230
230
15
106
233
194
200
167
162
137
102
103
180
5
234
105
117
229
215
231
54
5
64
71
247
15
167
82
252
198
245
55
200
249
129
123
154
164
39
134
74
147
77
191
127
241
209
84
104
248
203
49
201
35
129
85
53
17
236
183
187
212
125
171
126
124
225
188
226
135
16
248
216
108
82
207
123
161
170
52
25
122
112
221
131
72
98
116
109
144
46
194
12
68
75
12
13
47
147
161
205
32
58
182
178
185
133
119
150
122
111
238
130
187
220
81
44
144
25
127
223
202
18
105
9
217
147
99
231
22
250
73
48
12
140
60
29
110
227
188
133
74
78
148
194
31
227
178
25
20
109
209
130
179
122
210
198
212
181
92
113
87
59
177
8
166
163
233
139
217
57
77
101
252
138
252
250
207
57
76
34
152
197
149
227
40
156
37
64
117
47
118
252
65
155
3
160
216
252
92
112
6
229
93
44
190
28
55
122
81
95
23
192
180
52
70
60
175
231
175
92
223
138
63
187
190
127
89
34
62
190
55
178
156
210
22
136
191
193
6
127
247
215
100
16
179
93
62
205
232
185
141
23
199
105
201
27
238
201
23
61
172
190
205
224
165
236
164
228
15
176
225
6
118
52
43
208
194
221
86
178
118
154
66
253
164
108
81
157
251
154
86
114
163
103
7
88
19
99
128
218
90
40
126
201
125
76
0
145
208
183
192
188
157
141
192
121
241
38
214
229
158
38
163
193
93
219
90
146
200
131
232
190
16
127
255
88
67
135
192
76
240
109
106
59
228
37
20
94
34
29
202
184
175
157
34
34
234
61
158
17
243
182
175
159
228
158
235
94
147
116
17
21
25
26
198
203
253
10
239
23
98
31
79
197
99
22
136
4
166
137
71
245
236
133
232
91
147
231
79
246
148
12
97
103
199
18
53
98
142
105
243
33
216
249
139
255
187
20
166
35
187
195
114
53
235
161
120
90
108
248
225
249
75
218
129
211
185
197
173
158
190
209
125
11
226
120
235
206
39
133
140
232
216
97
114
207
83
56
186
84
43
252
114
15
146
234
100
81
108
18
235
97
239
4
84
132
25
127
24
162
252
0
34
122
176
216
197
210
24
238
46
77
131
47
93
227
52
150
145
13
48
202
206
121
3
217
19
67
215
155
110
185
82
163
128
42
13
228
237
60
133
200
143
183
59
31
245
56
13
69
102
222
18
147
80
90
66
103
181
208
247
135
123
48
1
50
162
99
71
223
51
47
160
250
82
237
250
194
45
76
56
1
213
109
145
134
152
183
80
95
32
195
253
219
90
32
89
136
232
222
36
87
238
82
41
158
4
187
254
34
15
147
78
224
117
71
60
10
199
37
144
217
128
93
126
186
167
72
34
51
170
55
162
5
247
206
250
5
193
142
63
254
218
145
17
35
153
29
20
138
121
15
145
150
66
206
158
206
121
146
136
222
238
13
104
97
189
13
226
207
144
243
95
247
54
25
102
66
151
7
19
119
251
99
229
177
94
225
215
80
156
128
34
171
103
7
120
41
235
33
42
18
199
244
71
61
207
10
17
209
151
5
170
68
167
82
113
45
119
92
236
142
7
187
200
106
90
48
92
202
95
168
60
28
187
254
82
139
149
152
116
118
97
52
42
199
36
64
127
168
153
127
42
183
65
38
50
186
150
157
176
210
6
190
169
213
222
20
218
87
36
146
20
233
155
206
14
255
81
149
150
108
7
30
206
96
6
168
174
42
13
244
245
180
131
234
75
17
230
42
214
36
29
194
86
135
45
181
246
222
74
249
33
249
225
3
251
74
68
9
175
239
131
219
49
239
161
216
150
234
32
211
63
65
6
144
241
188
213
140
190
51
80
239
57
126
250
225
158
134
132
237
201
202
116
208
222
11
131
184
144
59
246
124
203
178
80
224
244
189
112
0
235
169
84
127
131
9
95
154
35
73
178
34
178
48
152
149
83
19
143
14
213
154
185
204
131
15
22
157
93
19
192
78
88
27
81
23
178
135
52
226
237
18
10
132
46
13
68
33
186
93
250
73
189
231
14
215
61
29
100
100
83
6
33
98
214
68
245
165
120
244
162
90
138
16
164
179
59
168
95
189
111
169
246
214
205
232
71
189
157
66
186
221
49
193
46
148
55
80
95
237
112
36
241
156
42
133
201
192
211
224
214
230
91
170
180
4
51
248
244
79
51
69
212
85
125
228
169
167
125
85
83
206
28
117
185
35
72
26
178
186
238
200
190
249
18
170
7
201
154
191
244
87
36
74
9
94
19
140
203
209
11
96
151
106
19
29
254
57
25
142
8
174
173
99
85
157
149
62
201
241
179
14
251
112
8
78
71
83
7
137
242
222
154
165
142
210
245
135
83
150
16
162
139
239
131
3
41
108
169
186
83
68
248
118
61
69
214
147
193
229
202
170
24
183
240
120
153
87
236
53
28
102
209
201
228
158
97
92
207
223
169
132
148
59
38
32
100
153
68
100
92
97
36
171
207
169
84
5
154
30
119
248
166
225
32
135
186
62
76
151
227
70
161
41
65
142
159
217
99
5
0
205
223
91
156
203
117
79
212
157
99
67
30
212
233
18
80
220
133
7
98
229
148
137
254
203
153
103
15
173
36
10
76
6
214
172
179
87
223
96
53
35
26
161
140
117
158
4
130
166
222
163
73
249
233
225
170
115
226
188
194
63
68
131
145
243
33
69
166
204
182
84
57
41
116
253
197
159
46
17
204
168
202
98
84
142
90
42
190
144
154
214
48
203
153
16
111
114
41
48
41
230
9
85
87
26
25
63
168
165
75
96
51
16
54
189
148
209
214
44
237
149
133
49
216
211
132
21
172
125
11
12
76
57
91
244
153
38
198
157
230
124
18
170
72
40
159
38
196
186
1
235
73
176
243
14
205
164
13
156
22
253
2
179
114
252
75
64
164
226
53
129
163
218
4
38
231
106
163
80
184
79
177
122
82
190
184
195
51
201
3
185
221
161
65
132
24
183
10
109
42
126
188
224
54
38
52
200
224
14
98
70
158
80
174
58
20
155
251
192
110
131
148
230
52
61
49
39
163
44
94
94
14
28
69
56
167
145
112
25
176
50
152