128
0
0
0
160
243
193
255
50
89
93
187
204
123
248
59
81
151
104
215
55
232
41
18
40
137
139
44
118
241
58
149
186
96
183
103
15
255
56
141
101
86
83
134
99
50
245
78
113
165
90
249
7
123
184
192
36
123
123
129
85
61
110
129
243
70
204
218
71
61
223
18
153
215
181
193
12
153
146
113
109
61
240
236
177
181
32
5
200
224
214
228
119
222
223
40
110
84
16
242
244
79
17
72
228
116
79
244
45
63
61
86
83
142
28
95
177
179
105
2
182
186
164
136
157
245
22
170
143
192
171
30
204
199
162
0
73
118
29
72
202
113
7
81
182
114
67
159
62
41
57
132
8
174
143
110
101
188
167
46
77
105
243
13
251
48
8
100
79
195
38
145
246
222
208
229
173
222
241
135
219
159
33
3
179
127
5
73
105
68
167
126
82
228
244
71
28
93
134
17
1
245
234
160
24
183
210
117
169
118
222
37
152
254
145
202
228
222
97
118
199
79
136
156
144
59
108
96
71
149
64
100
212
104
21
10
247
57
210
79
218
54
121
60
167
65
44
182
155
38
28
21
35
86
129
35
65
142
189
212
83
36
50
221
91
195
220
200
117
15
212
183
107
211
63
204
237
18
26
156
166
11
102
229
28
128
207
106
161
247
137
231
100
34
66
194
215
14
191
246
255
82
113
37
8
177
172
119
30
4
160
171
235
131
123
253
105
121
234
80
224
252
194
29
68
22
177
243
49
193
62
140
191
86
125
41
214
249
196
191
54
149
78
248
138
75
80
74
91
160
178
144
26
238
244
207
67
0
79
120
233
48
169
239
173
84
125
78
27
167
168
165
69
36
51
154
63
140
181
209
146
170
189
213
134
57
220
211
132
21
60
124
11
216
76
105
91
254
145
230
199
23
226
237
51
152
8
46
221
38
206
176
1
234
201
185
99
15
213
240
15
156
86
213
10
183
115
244
75
212
165
250
97
131
243
218
47
38
227
107
41
89
28
110
131
58
212
46
168
200
51
73
2
49
212
0
225
188
92
49
16
45
8
120
184
224
156
47
0
200
202
78
228
92
158
90
172
250
20
51
255
196
239
137
192
100
38
61
48
39
99
44
126
83
171
61
119
124
33
67
96
51
184
54
153
151
242
6
171
21
85
138
231
140
249
32
16
25
127
18
121
203
67
207
211
79
34
199
27
170
104
58
132
152
46
37
226
229
230
149
233
67
241
226
167
247
129
9
76
146
213
22
227
121
216
198
245
5
221
65
166
107
78
134
98
243
106
143
29
56
101
160
126
83
214
120
195
229
29
41
155
213
181
73
164
24
150
64
45
41
116
236
195
154
102
128
104
237
255
65
70
218
221
184
238
63
61
122
112
71
159
196
69
100
233
176
251
167
6
88
219
138
159
119
56
167
107
228
52
98
38
154
153
247
23
168
38
68
142
29
72
87
46
64
24
89
95
204
200
120
47
212
159
242
195
95
254
107
16
200
141
4
13
67
228
158
69
108
137
225
232
1
243
52
169
65
243
247
22
115
244
158
18
212
171
156
240
15
118
138
133
18
179
237
11
9
18
105
165
250
90
224
124
226
45
201
130
65
145
158
205
40
156
53
88
253
41
84
56
231
70
54
131
196
236
219
64
95
218
123
138
58
20
169
238
120
73
147
64
206
113
125
49
35
35
171
94
31
139
29
127
185
165
72
48
51
128
166
156
77
163
60
174
47
197
172
54
105
210
30
212
31
133
91
204
206
61
10
245
158
227
231
15
110
105
64
200
140
160
137
103
207
176
164
202
67
117
101
5
183
53
11
68
71
213
7
163
115
228
210
241
125
136
219
131
123
154
38
43
22
106
185
157
63
183
225
250
86
168
249
227
52
204
34
129
81
181
147
236
156
185
212
124
161
126
120
192
142
118
129
202
248
248
100
22
207
251
173
155
53
43
234
246
95
195
107
98
240
109
56
39
99
12
68
219
10
205
63
147
171
205
32
176
178
182
152
183
55
16
114
63
199
130
59
221
115
41
0
56
103
27
78
74
41
1
209
147
98
69
23
110
105
48
76
138
118
29
100
233
184
132
202
66
165
195
45
115
52
155
84
78
209
6
179
210
219
103
212
181
204
119
151
43
177
2
166
163
233
142
237
185
109
101
124
8
172
249
205
253
76
34
152
197
149
227
40
156
37
64
117
47
118
252
65
155
3
160
216
252
92
112
6
229
93
44
190
28
55
122
81
95
23
192
180
52
70
60
175
231
175
92
223
138
63
187
190
127
89
34
62
190
55
184
156
231
54
136
171
197
28
47
212
213
36
16
185
88
62
237
218
109
141
197
199
73
193
155
238
97
30
12
173
190
137
230
53
252
174
230
207
177
195
6
227
20
43
192
70
69
22
187
116
222
66
85
160
253
208
151
111
28
20
114
136
109
7
89
49
99
37
219
66
104
120
19
125
102
14
21
209
55
201
44
156
149
148
123
241
102
254
237
154
39
161
193
252
250
66
210
206
201
184
182
18
59
254
208
74
182
97
116
96
235
32
123
204
43
208
95
130
17
251
153
183
205
160
226
250
29
148
17
243
148
162
175
197
172
251
218
11
52
18
21
89
26
228
195
249
139
253
151
96
205
15
230
111
150
136
44
171
189
71
245
104
7
170
27
176
239
75
246
62
8
192
71
237
134
179
170
142
105
255
161
216
217
139
111
26
44
166
163
49
147
90
49
47
160
82
82
89
248
203
233
79
18
193
218
179
69
172
60
178
224
92
57
162
126
161
206
39
141
140
233
208
97
210
207
97
40
190
204
107
213
122
75
147
104
104
96
237
24
175
231
119
68
92
130
93
126
16
167
252
32
58
110
52
136
197
248
16
46
47
101
139
143
253
195
240
146
89
13
26
192
142
120
1
212
19
99
253
159
238
177
66
163
134
170
13
78
233
168
5
194
207
177
185
31
244
60
73
69
238
215
179
179
122
10
64
229
245
211
247
3
123
58
1
146
130
123
87
219
121
63
160
246
22
237
242
194
185
76
56
17
209
109
145
135
150
179
80
85
37
98
124
201
26
38
219
216
235
210
32
87
100
91
141
191
54
251
120
178
31
152
78
96
116
205
53
158
199
61
148
217
202
77
94
182
227
72
34
59
59
54
186
1
119
28
250
46
193
202
63
222
210
0
17
17
205
31
140
218
123
9
149
150
224
199
155
79
65
82
12
134
254
6
96
161
188
135
235
111
176
235
159
243
116
25
70
68
151
7
25
114
251
67
215
101
94
51
215
112
148
0
34
3
110
54
121
41
175
39
186
2
205
246
135
60
207
10
132
209
151
5
42
14
247
113
123
173
119
254
224
142
39
187
88
236
2
48
124
202
91
168
156
29
142
255
74
139
149
152
36
116
105
116
42
199
36
213
127
154
157
127
234
231
73
46
182
187
30
148
129
115
62
46
47
159
158
60
212
147
37
184
25
232
27
196
30
123
27
133
156
100
67
31
78
108
162
169
156
122
143
38
181
189
137
174
74
187
226
139
246
14
137
68
158
135
45
185
118
222