128
0
0
0
160
243
193
255
50
89
231
141
84
238
11
45
251
184
173
89
8
52
250
54
56
144
214
55
186
59
67
158
111
247
213
160
16
17
81
159
237
218
253
139
5
215
73
203
155
238
235
26
8
140
140
201
96
61
172
135
230
79
176
195
6
227
20
43
192
70
69
22
187
116
222
66
85
160
253
208
151
111
28
20
114
136
109
7
89
49
99
37
219
66
104
120
19
125
102
14
21
209
55
201
44
156
149
148
123
241
102
254
237
154
39
161
193
252
250
66
210
206
201
184
182
18
59
254
208
74
182
97
116
96
235
32
123
204
43
208
95
130
17
251
153
183
205
160
226
250
29
148
17
243
148
162
175
197
172
251
218
11
52
18
21
89
26
236
195
109
43
247
19
98
85
15
230
111
18
136
44
171
40
71
245
168
3
250
27
154
229
139
247
60
5
192
103
199
130
51
162
158
105
249
33
216
115
143
251
154
38
230
165
179
147
91
53
107
160
218
91
248
216
225
185
77
144
129
217
179
193
172
60
178
117
92
57
98
122
241
206
13
135
76
232
210
108
210
239
75
44
62
196
123
213
124
203
147
194
108
244
109
18
239
225
245
68
93
134
25
126
152
174
93
0
16
62
54
10
133
251
16
170
47
101
139
26
253
195
48
150
9
13
48
202
78
121
3
217
19
67
215
155
110
185
82
163
128
42
13
228
237
60
133
200
143
183
59
31
245
56
13
69
102
222
18
147
80
90
66
103
181
208
247
135
123
58
1
7
130
123
151
223
41
63
138
252
214
236
240
207
185
108
18
21
81
101
129
135
144
51
80
255
33
246
252
195
90
32
89
216
234
214
100
87
238
82
188
158
54
191
254
226
95
155
70
100
116
205
53
14
198
61
64
217
154
77
84
190
35
73
40
62
62
23
136
17
115
198
234
4
201
10
63
94
219
164
16
59
153
29
20
218
123
7
209
150
72
206
62
238
75
130
140
4
238
38
98
165
188
47
234
110
176
193
207
113
246
89
79
72
211
6
19
119
107
98
229
101
94
177
215
90
148
64
35
161
98
2
89
27
251
37
240
2
237
252
135
61
69
3
37
113
175
65
172
206
231
80
113
173
119
214
237
191
6
137
12
110
208
32
87
204
91
169
188
21
43
255
74
223
151
152
52
94
105
48
43
197
36
225
94
176
217
121
96
231
73
36
118
187
30
148
129
115
62
46
47
159
158
60
212
147
37
184
25
232
27
196
30
123
27
133
156
100
67
31
78
108
162
169
156
122
143
38
181
189
137
174
74
187
226
139
246
14
137
68
158
135
45
185
118
222
202
253
33
249
225
215
123
152
20
0
167
43
130
249
60
74
128
234
70
106
232
147
22
75
134
145
217
185
69
141
140
51
208
173
105
93
240
101
158
164
137
72
232
248
164
80
22
75
170
178
16
58
252
121
206
147
98
240
240
103
96
42
227
105
84
93
139
57
126
176
55
77
96
34
184
52
216
148
89
22
143
46
231
78
185
30
131
47
30
29
93
187
201
127
89
27
21
17
34
151
62
224
45
19
0
129
190
140
86
245
58
13
186
96
183
231
15
255
56
141
101
86
83
134
99
50
245
78
113
165
90
249
7
123
184
192
36
123
123
129
85
61
110
129
243
70
204
218
71
61
223
18
153
215
181
193
6
153
167
81
117
237
240
246
161
159
38
129
201
234
219
112
87
244
203
172
102
68
17
250
112
79
177
73
209
117
87
244
45
63
109
84
91
206
28
95
177
38
105
48
178
186
100
216
149
253
146
171
5
201
175
31
212
23
162
26
89
92
25
204
203
123
10
197
150
88
87
27
54
57
56
140
140
174
47
111
80
189
191
46
77
105
163
15
243
112
8
100
79
86
38
163
242
222
16
181
165
214
117
134
243
146
128
3
179
59
131
91
41
77
165
186
83
76
253
230
28
93
22
23
193
229
234
170
24
183
88
113
173
87
236
101
30
246
193
227
228
94
96
212
198
219
168
156
208
61
38
96
77
159
68
101
212
96
32
10
221
45
214
223
218
23
123
188
167
203
40
178
186
20
92
147
43
6
168
35
193
143
31
213
199
4
50
157
93
137
220
194
127
11
213
55
103
226
62
254
125
148
152
220
133
11
226
229
62
136
94
203
179
39
137
173
116
8
74
134
214
38
186
102
254
96
113
165
74
225
143
125
154
4
130
166
78
162
73
45
233
177
170
121
234
124
195
53
65
134
176
193
49
65
124
220
156
92
249
41
244
244
97
158
4
69
206
48
202
98
90
202
90
136
183
0
27
220
244
79
1
80
108
114
109
48
139
226
8
117
79
158
155
111
232
140
79
164
50
178
58
28
180
227
146
42
255
133
165
51
88
211
4
25
13
125
57
72
202
235
27
221
145
98
199
191
235
76
51
152
152
40
29
54
206
186
1
234
67
189
103
46
231
176
137
148
6
252
10
55
114
92
74
117
165
250
53
129
163
138
6
46
167
106
163
80
45
79
131
126
82
126
232
203
59
77
2
49
212
144
224
188
136
49
64
45
2
112
120
225
150
42
5
233
248
94
224
134
142
112
164
58
20
185
246
240
79
177
132
98
172
125
50
39
227
44
124
86
10
157
87
184
165
67
48
58
188
178
152
53
246
166
139
63
17
12
127
140
210
40
84
24
87
26
72
203
67
139
213
79
50
236
21
234
105
58
132
152
46
37
226
229
230
149
233
67
241
226
167
247
129
9
76
146
213
22
227
121
216
198
245
5
221
65
166
107
78
134
98
243
106
143
29
56
101
160
126
83
214
120
195
229
29
41
155
213
181
233
160
136
55
120
249
41
44
236
226
150
102
128
96
232
111
96
94
26
89
184
238
31
61
122
112
239
150
240
69
100
185
178
107
183
44
88
27
139
23
126
60
166
115
160
50
98
102
179
159
247
22
130
35
209
14
23
88
211
126
0
26
85
91
205
98
121
190
213
159
182
197
15
190
98
20
12
140
14
8
214
196
172
81
104
11
225
226
3
179
53
3
69
194
214
60
51
114
6
18
222
175
220
241
175
119
142
132
10
39
107
217
73
58
103
225
251
248
236
221
194
31
141
132
83
129
190
207
168
156
23
85
200
9
102
60
103
222
118
160
198
172
219
98
95
79
91
138
42
144
49
174
113
75
215
64
102
117
73
49
35
119
41
20
79
136
31
63
185
37
73
164
147
146
118
28
159
163
29
172
107
197
140
62
248
210
44
128
29
29
11
206
200
57
10
127
151
71
198
61
46
239
208
216
135
160
9
102
69
185
48
202
91
113
101
79
167
21
7
0
71
85
14
166
114
252
134
115
55
152
208
129
255
155
6
35
179
106
185
201
61
183
241
208
86
236
248
225
52
248
3
171
21
179
25
236
156
179
20
124
9
127
125
193
142
166
129
154
168
218
110
210
207
115
164
170
148
19
122
112
21
131
67
108
52
108
152
43
82
45
92
139
136
13
47
179
161
205
32
146
191
134
185
133
39
148
234
127
196
130
123
221
217
37
148
24
103
155
204
18
41
32
223
147
98