128
0
0
0
160
243
193
255
50
89
64
196
116
220
177
27
99
45
94
79
162
27
63
184
7
76
5
19
170
34
30
133
163
61
172
171
197
134
51
88
242
52
148
153
141
91
231
198
253
11
87
159
226
199
61
42
111
202
152
142
162
9
103
197
181
145
202
105
53
227
157
231
60
15
68
70
119
3
150
83
206
86
115
181
136
218
129
255
154
12
46
39
74
147
221
185
191
225
209
94
104
248
65
53
205
2
179
21
179
25
188
158
187
84
124
9
127
232
193
188
162
129
90
248
210
102
86
206
251
173
155
53
43
234
246
95
195
107
98
240
109
56
39
99
12
68
219
10
205
63
147
171
205
32
176
178
182
152
183
55
16
114
63
199
130
59
221
243
45
4
57
127
159
204
88
105
3
211
151
98
103
26
203
72
2
156
10
190
93
77
227
56
133
226
71
53
194
31
115
180
217
4
109
219
130
179
240
214
194
245
135
28
247
95
107
152
8
38
162
75
138
77
25
77
37
250
192
252
240
197
61
77
162
148
244
148
209
184
26
167
0
86
47
242
252
233
146
162
160
216
108
90
176
22
229
87
44
190
150
51
126
112
109
87
70
188
100
111
60
47
230
13
93
75
170
63
251
184
53
89
40
52
186
54
56
144
214
55
186
59
67
158
111
247
213
160
16
17
81
159
237
218
253
139
5
215
73
203
155
238
235
26
8
140
140
201
96
61
172
135
230
79
176
195
6
227
20
43
192
70
69
22
187
116
222
66
85
160
253
208
151
111
28
20
114
136
109
7
89
49
99
37
219
66
104
120
19
125
102
14
21
209
55
201
44
156
149
148
123
241
102
254
237
154
39
161
193
252
250
66
210
206
201
184
182
18
59
254
208
74
182
97
116
96
235
32
123
204
43
208
95
130
17
251
153
183
205
160
226
250
29
148
17
243
148
162
175
197
172
251
218
11
52
18
21
89
26
230
195
88
11
247
7
102
79
95
197
109
82
136
38
174
40
103
199
124
3
40
27
186
237
11
247
148
12
241
102
199
198
53
50
142
99
251
225
217
243
142
250
154
38
182
39
97
211
88
61
43
161
242
83
88
88
217
189
77
80
193
209
185
69
173
182
187
113
93
33
178
122
235
222
39
131
200
233
216
97
70
207
97
56
186
204
107
212
116
79
147
98
109
193
108
10
239
225
245
20
95
142
89
126
144
171
93
160
26
62
54
194
133
240
30
234
46
109
142
138
220
219
240
18
9
13
16
202
78
121
171
208
39
67
215
203
108
41
66
137
128
234
12
108
228
56
132
208
203
177
59
95
220
62
13
68
206
223
130
146
98
142
66
247
181
250
245
199
122
58
1
7
130
123
151
223
41
63
138
252
214
236
240
207
185
108
18
21
81
101
129
135
144
51
80
255
33
246
252
195
90
32
89
216
234
214
100
87
204
82
41
190
54
175
122
122
31
146
68
32
116
111
49
15
230
37
196
91
202
13
125
186
231
72
138
50
159
55
186
85
117
212
250
36
203
138
63
124
214
145
48
9
157
157
140
154
88
5
145
150
234
202
15
111
89
2
14
4
254
38
96
225
188
141
230
207
144
243
139
119
228
73
111
74
83
6
49
122
94
66
215
97
222
41
151
121
150
0
35
131
98
151
121
27
235
161
104
66
228
254
195
61
231
7
129
208
189
5
42
150
247
81
125
41
119
254
224
142
39
187
88
236
2
48
124
202
91
168
156
29
142
255
74
139
149
152
36
116
105
116
42
199
36
213
127
154
157
127
234
231
73
46
182
187
28
148
180
211
30
110
169
207
206
62
222
211
37
18
24
77
26
246
90
125
211
133
189
102
199
31
204
96
167
137
182
106
11
190
165
188
129
174
74
145
234
142
215
36
137
68
20
151
6
189
246
223
202
253
33
249
225
215
123
152
20
0
167
43
130
249
60
74
128
234
70
106
232
147
22
75
134
145
217
185
69
141
140
51
208
173
105
93
240
101
158
164
137
72
232
248
164
80
22
75
170
178
16
58
94
125
95
178
122
100
246
237
96
33
227
41
84
221
130
157
127
154
99
79
248
34
184
58
156
148
211
31
190
15
231
10
63
78
195
44
22
25
93
187
201
239
88
27
193
17
114
151
52
232
237
18
10
129
26
141
100
33
58
223
170
74
191
35
14
215
61
29
100
100
83
6
33
98
214
68
245
165
120
244
162
90
138
16
164
179
59
168
95
189
111
169
246
214
205
232
71
189
157
66
186
221
49
193
46
148
55
80
95
237
112
36
241
156
42
133
201
200
211
116
118
236
223
168
44
4
51
248
112
79
51
69
65
85
125
36
173
247
125
127
89
14
29
119
180
35
104
48
182
58
230
216
190
255
146
170
15
204
154
31
254
87
36
130
9
85
29
204
202
217
14
240
182
114
211
153
254
57
57
142
8
174
5
106
97
157
149
110
203
97
163
36
251
176
9
198
78
87
6
145
182
216
154
229
167
212
245
134
91
147
16
2
129
239
131
203
41
103
167
250
82
76
253
230
28
93
22
23
193
229
234
170
24
183
88
113
173
87
236
101
30
246
193
227
228
94
96
212
198
219
168
156
208
61
38
96
77
159
68
101
92
100
176
171
207
45
86
85
154
21
121
60
167
233
37
130
155
38
76
23
179
70
171
35
129
143
53
221
87
37
42
153
93
195
156
225
115
15
213
191
110
211
159
198
237
18
210
156
173
5
38
228
20
133
95
75
185
55
13
231
100
2
66
194
215
166
182
194
255
82
33
39
152
161
134
119
222
5
40
162
239
130
99
185
111
121
170
121
230
252
195
21
65
22
17
249
49
193
246
140
180
88
61
40
222
252
84
158
46
85
202
248
138
107
80
74
91
8
187
164
26
238
164
205
211
16
101
120
41
49
33
230
169
85
101
10
29
167
232
140
67
36
50
146
58
140
21
219
146
170
117
213
141
55
156
210
140
16
172
93
19
24
200
105
91
222
145
230
199
191
235
217
51
152
88
44
77
54
228
176
193
235
65
176
103
14
205
180
9
156
22
252
12
183
114
246
78
225
37
240
117
135
33
138
7
42
227
106
41
89
28
110
131
58
212
46
168
200
51
73
2
49
212
0
225
188
92
49
16
45
8
120
184
224
156
47
0
200
202
78
228
92
158
90
172
250
20
57
255
84
78
155
208
96
52
125
50
41
167
44
214
95
14
188
87
248
35
67
112
57
188
114
152
151
242
50
171
39
85
138
127
204
209
38
80
24
247
27
233
203
91
203
83
85
50
204
17
234
105
178
141
57
142
29
166
99
252
213
203
69
245
226
141
255
33
9
102
130
81
148
243
83
216
198
244
167
217
225
134
65
10
0
250
243
65
135
89
57
77
168
79
83
214
60
197
229
13
2
149
149
180
225
165
29
151
64
253
41
36
188
225
144
162
128
224
228
206
224
126
74
91
242
174
23
51
190
113
231
147
245
100
124
185
50
59
183
38
82
219
138
189
122
8
134
89
244
176
250
102
153
153
183
23
160
46
65
143
5
92
211
252
64
50
87
31
204