128
0
0
0
160
243
193
255
50
89
145
113
181
112
45
172
51
80
119
57
94
250
161
158
134
132
237
201
202
116
208
222
11
131
184
144
59
246
124
203
178
80
224
244
189
112
0
235
169
84
221
130
157
127
154
99
79
248
34
184
58
156
148
211
31
190
15
231
10
63
78
195
44
22
25
93
187
201
239
88
27
193
17
114
151
52
232
237
18
128
128
42
44
118
97
60
85
170
96
189
103
15
117
60
137
68
100
19
0
107
98
220
78
241
164
248
248
147
91
184
128
34
49
123
139
95
57
111
1
255
119
205
232
215
187
93
82
186
215
49
193
164
144
51
113
109
173
246
44
161
181
42
5
200
106
210
224
86
236
159
174
102
4
57
242
116
78
179
73
112
84
79
180
43
117
61
92
89
138
29
223
189
130
104
48
38
60
38
200
190
245
146
170
39
201
10
30
204
87
164
192
89
118
23
72
202
251
3
85
151
64
3
25
54
121
16
132
136
175
45
111
241
156
167
110
75
35
243
7
241
52
9
228
67
242
39
163
102
88
82
165
142
222
117
135
115
150
128
3
179
239
3
137
121
68
173
126
82
110
240
67
61
111
198
151
9
165
195
160
152
182
112
116
61
86
222
101
158
180
145
192
238
218
96
246
203
126
137
174
0
189
238
32
100
149
196
100
124
97
180
10
247
169
212
143
202
54
115
60
167
203
40
178
186
20
92
147
43
6
168
35
193
143
31
213
199
4
50
157
93
137
220
194
127
11
213
55
103
226
62
254
125
148
152
220
133
11
226
229
180
137
110
106
161
103
143
39
116
34
72
194
215
132
187
242
222
96
49
163
0
225
133
119
158
5
2
170
127
163
123
189
111
51
234
90
234
248
195
157
72
39
176
193
161
71
188
204
156
86
249
41
126
240
101
191
54
5
72
56
154
75
90
74
91
42
182
148
59
220
180
73
75
80
102
120
105
49
1
238
12
84
125
26
25
247
248
140
77
96
50
16
54
189
148
209
214
44
237
149
133
49
216
211
132
21
172
125
11
12
76
57
91
244
153
38
198
29
231
232
18
170
24
42
7
54
228
184
193
234
67
176
87
175
237
180
9
22
22
215
10
55
115
244
78
212
133
208
53
1
113
218
5
32
163
106
129
88
41
110
155
106
86
52
168
233
57
77
2
179
216
0
192
150
88
177
136
61
41
114
184
224
182
42
149
72
192
94
96
12
222
88
160
254
21
147
254
197
79
155
148
102
100
61
59
45
99
45
244
90
58
60
111
108
37
9
112
51
182
114
153
159
242
146
171
21
69
142
231
140
248
46
20
25
213
19
72
235
105
91
213
149
114
229
27
174
104
178
141
169
143
29
114
99
172
213
193
77
53
227
7
251
176
40
84
194
87
214
243
89
210
198
245
39
208
113
135
89
94
2
250
179
105
143
93
56
109
168
123
82
206
108
71
55
29
3
149
149
181
195
173
184
182
88
237
45
54
236
227
156
102
128
98
232
255
97
116
14
221
106
238
31
53
250
112
239
150
245
68
100
173
182
107
183
12
90
27
139
149
114
168
38
121
48
180
50
102
179
147
247
22
162
35
65
175
47
88
83
244
80
50
81
159
204
72
113
139
213
181
166
193
199
254
107
30
140
141
142
4
114
197
158
1
234
217
161
235
9
247
52
163
65
86
214
14
119
244
212
2
244
165
216
240
133
122
138
5
24
51
111
91
9
19
107
161
250
112
229
77
194
7
137
4
73
145
181
197
232
157
151
89
252
9
102
124
225
204
102
129
198
108
219
74
90
239
123
160
122
146
49
190
113
77
147
65
102
117
125
49
17
119
41
140
15
160
25
127
184
133
64
149
51
128
242
158
77
179
22
174
107
196
174
54
93
243
52
144
25
15
91
204
196
253
10
93
159
230
230
15
190
105
16
152
174
170
77
103
69
185
160
203
91
165
101
31
167
31
15
192
70
223
10
55
83
206
198
117
117
152
218
139
255
154
134
42
35
107
161
157
63
183
177
248
94
232
249
99
48
93
35
171
209
55
65
252
150
179
84
125
171
126
124
225
188
226
135
16
248
216
108
82
207
123
161
170
52
25
122
112
221
131
72
98
116
109
144
46
194
12
68
75
12
13
47
147
161
205
32
176
183
130
24
151
55
144
240
111
196
128
255
221
243
45
4
57
127
159
204
88
105
3
211
151
98
103
26
203
72
2
156
10
190
93
77
227
56
133
226
71
53
194
31
115
180
217
4
109
219
130
179
240
214
194
245
135
28
247
95
107
152
8
38
162
75
138
77
25
77
37
250
192
252
240
197
61
77
162
148
244
148
209
184
26
167
0
86
47
242
252
233
146
162
160
216
108
90
176
22
229
87
44
190
52
50
234
80
109
23
64
246
100
101
54
43
231
141
81
122
171
13
107
62
183
25
11
52
62
54
144
153
119
55
186
171
69
94
127
247
223
160
16
155
85
155
204
232
189
13
13
135
96
203
27
239
73
27
156
172
140
137
102
119
172
141
236
75
177
67
10
210
21
25
80
192
199
86
152
116
90
66
253
169
92
208
151
255
26
212
98
136
103
7
89
187
103
33
250
112
40
254
27
45
79
14
149
208
157
200
44
28
159
80
127
35
102
244
231
26
38
33
205
88
251
112
130
76
27
248
191
24
127
255
122
78
23
65
94
244
109
232
123
204
39
80
95
162
17
107
56
143
205
32
104
170
53
144
213
242
190
170
154
197
134
235
222
195
116
27
31
217
27
108
207
201
42
197
67
224
135
79
239
101
86
137
134
175
137
103
223
60
133
50
27
154
233
11
247
28
5
80
198
255
130
179
40
206
65
253
229
217
89
135
206
154
12
246
161
123
211
82
63
235
161
90
87
92
217
211
233
207
66
193
208
185
133
173
150
182
212
124
19
246
252
57
206
13
139
204
232
242
108
66
78
115
44
190
78
43
253
120
15
146
232
100
193
109
56
255
229
61
4
84
140
153
127
24
162
249
1
34
110
180
216
197
242
26
238
46
207
143
187
221
233
164
16
193
13
48
198
206
121
35
217
131
226
239
155
238
51
2
139
132
238
12
204
229
153
132
200
139
55
33
95
252
58
13
68
230
210
179
147
98
30
196
181
245
249
255
195
122
152
13
163
163
73
23
221
51
63
160
254
22
236
250
194
25
76
10
1
213
245
209
174
158
247
81
255
41
242
93
201
222
162
139
152
227
220
36
86
204
90
140
191
28
171
250
48
95
145
66
36
117
199
48
14
230
15
148
217
72
77
116
182
163
73
128
55
15
22
136
85
117
86
250
14
203
202
62
94
219
49
16
59
153
157
94
138
88
13
81
150
96
198
15
239
83
130
140
84
254
39
98
229
188
167
227
254
176
217
203
241
236
73
68
66
147
7
147
123
95
98
229
37
216
163
199
123
148
128
35
139
103
151
217
17
235
161
160
66
239
240
131
60
229
2
36
209
189
21
174
140
231
91
123
173
118
92
228
46
7
145
28
106
154
48
87
194
31
169
180
21
191
255
74
207
147
152
52
95
103
52
43