128
0
0
0
160
243
193
255
50
89
77
162
145
96
52
241
40
156
189
64
85
47
54
252
65
155
3
160
216
252
92
112
6
229
93
44
190
28
55
122
81
95
23
192
180
52
70
60
175
231
175
92
223
138
63
187
190
127
89
34
62
190
55
184
156
231
54
136
171
197
28
47
212
213
36
16
185
88
62
237
218
109
141
197
199
73
193
155
238
97
30
12
173
190
137
230
53
252
174
230
207
177
97
7
119
52
43
128
64
15
22
177
126
218
67
213
172
204
209
165
255
154
150
50
171
109
131
89
153
106
132
219
66
248
126
211
109
102
4
21
209
189
205
40
189
167
212
253
249
54
215
237
26
38
3
192
104
218
66
146
200
131
184
188
24
63
255
80
70
135
96
70
240
109
162
59
239
43
84
95
42
24
90
153
183
93
166
34
234
29
158
17
243
30
166
171
228
158
187
92
3
100
59
21
217
27
78
194
249
11
247
83
100
31
15
236
101
22
137
172
167
25
70
199
56
133
120
91
185
229
15
247
148
12
97
103
199
18
53
98
142
105
243
33
216
249
139
255
187
20
166
35
187
195
114
53
235
161
120
90
108
248
225
249
75
218
129
211
185
197
173
188
190
68
93
11
242
252
115
142
46
135
200
232
122
101
115
239
75
188
56
4
107
213
118
203
147
72
104
240
76
32
175
103
253
20
116
134
153
127
58
175
201
32
16
126
48
64
133
241
26
174
46
229
135
43
252
241
160
16
139
77
19
202
202
121
171
208
178
67
215
11
104
121
66
163
138
42
13
110
233
56
164
250
207
49
51
79
220
56
141
68
196
223
134
179
80
26
68
45
181
218
253
131
122
186
13
54
131
73
7
89
171
127
169
252
82
236
88
198
24
108
18
133
87
165
145
135
154
51
80
117
37
242
221
241
26
166
81
136
195
214
228
86
76
83
40
190
54
255
248
168
95
145
76
96
117
71
57
10
231
15
196
91
2
93
84
188
231
73
138
50
159
55
186
85
117
212
250
36
203
138
63
124
214
145
48
9
157
157
140
154
88
5
145
150
96
206
158
238
75
134
12
134
254
12
98
161
188
141
235
255
17
249
143
247
102
89
68
74
83
7
153
126
255
98
253
97
94
251
199
122
152
4
35
161
106
147
88
3
255
165
34
2
198
252
195
61
111
11
36
208
143
5
170
68
247
80
121
109
119
212
237
138
166
169
76
232
128
112
85
198
27
169
22
20
142
254
120
155
145
80
52
127
107
180
43
71
40
228
126
154
201
253
248
247
72
44
118
187
60
153
17
242
44
42
47
29
222
20
214
215
36
152
17
217
58
220
154
121
9
197
181
102
135
30
78
108
55
169
156
186
139
118
181
151
131
110
75
185
239
139
214
36
141
196
150
151
45
191
246
222
192
253
37
216
211
67
125
66
20
32
175
111
130
91
48
238
161
216
198
104
242
147
60
73
70
145
211
180
229
173
148
39
84
61
57
116
254
161
159
140
129
237
233
248
160
208
12
11
163
176
16
59
94
117
250
179
80
164
242
45
96
10
233
105
85
215
135
13
254
136
183
207
168
98
145
48
156
149
251
26
46
14
213
10
191
12
147
15
28
157
93
153
196
74
121
41
17
145
186
215
29
226
109
19
168
133
186
45
68
97
188
23
250
67
183
227
15
93
49
25
69
78
19
128
185
50
223
66
245
164
218
240
151
122
160
148
38
123
59
169
93
57
111
131
243
231
237
194
7
59
149
66
145
213
241
192
140
149
54
112
109
169
118
174
161
158
40
5
201
194
214
65
118
198
159
46
180
84
58
252
112
78
145
65
116
117
87
160
47
63
125
126
91
138
29
93
177
18
72
26
246
188
238
216
149
247
82
171
15
204
15
31
204
83
36
66
89
93
21
72
203
241
3
81
182
114
151
31
236
121
48
140
204
175
173
99
192
157
149
254
205
161
179
36
241
176
9
76
74
83
39
163
246
94
146
181
142
212
117
135
249
146
132
34
129
175
133
129
41
109
173
254
83
76
245
211
28
119
2
19
81
229
203
168
152
183
210
117
169
118
222
37
152
254
145
202
228
222
97
118
199
79
136
156
144
59
108
96
71
149
64
100
212
104
21
10
247
57
210
79
218
54
121
60
167
203
45
134
58
52
92
19
169
86
171
33
5
143
31
213
199
4
50
157
93
137
220
194
127
11
213
55
103
226
62
254
125
148
152
220
133
11
226
229
180
137
110
106
161
103
143
39
116
34
72
194
215
132
187
242
222
96
49
163
0
225
133
119
158
5
2
170
127
163
123
189
111
51
234
90
234
248
195
157
72
39
176
193
161
71
188
204
156
86
249
41
126
240
101
191
54
5
72
56
154
75
90
74
91
136
183
0
27
220
244
79
1
80
108
114
109
48
139
226
8
117
79
158
155
111
232
140
79
164
50
178
58
28
180
227
146
42
255
133
165
51
88
211
166
24
153
93
57
8
204
161
27
215
155
102
198
63
231
125
50
170
8
174
159
118
237
186
133
234
235
180
198
46
231
32
143
84
22
252
0
55
114
214
78
113
132
200
117
7
171
218
47
46
39
107
1
81
185
111
131
62
84
52
232
193
49
73
3
185
216
53
65
132
156
181
90
109
33
112
120
225
62
35
49
233
248
14
226
22
158
90
164
250
21
49
255
244
78
169
192
100
172
61
27
33
227
45
124
83
158
157
87
60
167
19
48
49
178
118
153
61
243
163
170
39
17
140
47
140
216
34
148
25
253
30
124
235
105
223
87
215
50
198
19
170
104
24
137
8
175
55
230
229
100
213
193
65
181
227
39
251
32
137
108
194
215
92
163
113
214
2
244
13
216
68
135
115
78
6
50
243
96
133
221
57
207
164
74
115
252
44
65
125
29
3
157
149
180
203
173
24
182
106
253
41
174
172
202
148
34
129
224
228
206
224
126
74
91
242
174
23
51
190
113
231
147
245
100
124
185
50
59
183
38
82
219
138
189
122
8
134
89
244
176
250
102
153
153
183
23
160
46
65
143
5
92
211
252
64
50
87
31
204
226
117
31
85
191
230
199
69
254
106
26
200
141
4
13
67
228
158
69
108
137
225
232
1
243
52
169
65
243
247
22
115
244
158
18
212
171
156
240
133
114
27
4
0
55
239
137
9
56
107
229
250
80
237
220
194
53
221
6
209
193
183
195
236
157
53
80
249
136
94
188
101
148
118
138
206
172
218
98
87
234
90
160
46
16
123
238
114
77
211
65
206
116
72
49
9
39
171
150
15
129
19
123
184
7
76
149
18
170
246
30
213
163
55
164
107
196
12
55
201
211
6
212
159
207
91
237
204
253
10
215
150
114
198
37
126
109
202
216
166
170
13
102
199
181
48
235
113
117
229
215
183
52
13
0
71
247
15
50
82
206
194
245
247
152
241
137
255
155
44
46
183
235
171
221
57
53
177
249
90
172
249
107
61
248
2
153
5
183
209
252
151
177
212
125
137
115
76
192
142
242
3
136
184
219
108
18
207
81
169
58
21
1
126
112
151
195
107
110
112
109