128
0
0
0
160
243
193
255
50
89
82
76
248
114
188
125
134
145
219
165
233
170
220
183
240
120
12
87
236
245
24
54
209
227
238
94
96
94
194
223
137
174
144
187
46
48
100
159
196
100
246
101
176
43
197
233
82
135
154
31
115
188
166
105
41
38
154
20
28
149
97
6
162
41
197
142
159
217
246
5
0
13
219
11
156
225
127
143
213
159
110
67
62
254
237
146
88
204
133
1
226
229
62
141
106
75
147
39
9
47
36
11
72
66
214
38
186
102
254
96
113
165
74
225
143
125
154
4
130
166
78
162
73
45
233
177
170
121
234
124
195
53
65
134
176
193
49
65
124
220
156
92
249
41
244
244
97
158
4
69
206
48
202
98
90
202
90
136
183
0
27
220
244
79
1
80
108
114
109
48
139
226
8
117
79
158
155
111
232
140
79
164
50
178
58
28
180
227
146
42
255
133
165
51
88
211
166
24
153
93
57
8
204
161
27
215
155
102
198
63
231
125
50
170
8
174
159
118
237
186
133
234
235
180
198
46
231
32
143
84
22
252
0
55
114
214
78
113
132
200
117
7
171
218
47
46
39
107
1
81
185
111
131
62
84
52
232
193
49
73
3
177
216
161
225
142
24
183
194
109
33
112
252
225
62
35
164
233
248
206
230
70
158
112
174
58
20
51
242
244
110
131
196
228
164
45
27
39
99
45
214
87
10
29
93
124
161
145
48
48
182
50
153
181
250
2
138
13
65
142
173
204
219
34
16
25
253
30
233
235
105
31
83
135
50
236
25
106
105
26
132
8
143
29
226
101
108
197
193
71
53
227
141
255
180
9
102
130
209
222
163
112
210
70
244
133
209
229
167
89
30
4
176
179
99
133
89
57
207
164
223
115
252
236
69
45
29
41
151
85
181
201
160
24
150
64
249
169
166
188
202
146
162
129
74
224
90
96
116
10
93
112
174
22
55
250
113
101
154
97
100
86
253
52
163
167
6
80
31
138
183
127
157
166
107
224
180
120
102
147
155
247
22
10
42
112
174
47
28
85
100
64
56
83
95
205
200
112
138
213
181
246
67
21
190
104
22
204
140
166
12
210
69
166
5
234
25
225
227
3
115
53
35
72
103
247
14
119
244
212
2
244
167
216
240
133
122
138
5
24
51
111
91
9
19
107
161
250
112
229
77
194
7
137
4
73
145
181
197
232
157
159
92
105
169
94
120
225
196
54
130
192
168
219
200
86
123
91
160
106
22
43
174
123
73
23
64
196
113
221
17
59
51
175
20
15
139
17
59
185
173
72
164
51
128
182
152
77
163
61
160
43
197
6
55
88
242
52
64
25
95
11
238
206
57
10
117
146
71
230
15
250
239
2
216
167
168
137
102
237
176
1
203
91
53
99
223
183
31
5
192
70
85
14
51
114
252
134
243
125
200
243
139
127
155
6
43
34
107
161
205
189
101
241
251
86
168
248
193
60
105
3
153
65
177
129
188
158
181
16
124
131
118
217
224
188
230
7
10
184
209
110
82
206
251
173
11
52
43
62
246
15
195
97
106
48
108
184
38
247
172
100
79
12
149
47
147
161
77
32
58
182
178
185
133
119
150
122
111
238
130
187
220
81
44
144
25
127
223
202
18
105
9
217
147
99
231
22
250
73
48
12
140
60
29
110
227
188
133
64
78
161
226
7
51
178
3
4
71
215
6
178
112
223
82
244
159
72
245
95
43
176
0
34
163
73
138
236
56
85
101
252
138
172
248
199
121
76
34
152
80
149
209
44
156
229
16
125
39
242
253
203
146
7
161
192
44
92
106
22
207
89
168
191
22
58
238
113
117
3
68
188
36
71
52
43
231
15
93
234
139
39
187
190
127
9
32
54
254
55
184
156
114
54
186
175
197
220
127
220
221
160
17
145
85
159
237
218
41
11
215
135
64
195
95
239
201
23
173
173
190
25
224
245
236
174
236
207
177
235
3
115
21
25
192
198
7
70
152
126
90
66
119
173
88
241
165
191
156
220
50
161
103
135
88
153
98
177
219
104
236
122
67
109
71
6
149
209
55
201
44
156
149
148
123
241
102
254
237
154
39
161
193
252
250
66
210
206
201
184
182
18
59
254
208
74
182
97
116
96
235
32
123
204
43
208
95
8
16
203
56
165
141
166
104
250
55
150
85
242
54
163
59
229
172
187
220
65
52
24
31
93
27
108
207
92
42
197
131
228
215
79
197
111
150
136
132
162
137
71
245
56
5
58
11
154
239
139
247
182
1
196
70
245
194
181
170
206
64
249
161
217
209
142
111
186
38
166
163
249
147
81
63
111
161
90
87
201
217
211
41
203
18
193
250
179
69
172
148
187
212
92
57
242
124
49
222
13
141
76
232
250
105
66
238
121
44
190
134
43
246
118
79
147
224
97
81
76
32
63
97
61
4
116
140
153
127
176
171
205
1
34
62
182
72
213
216
26
46
47
71
134
191
220
241
224
22
193
77
25
192
206
120
43
220
131
66
229
155
238
251
2
128
138
174
13
198
224
153
164
250
95
55
243
95
220
50
141
68
78
219
130
146
98
90
194
37
229
243
253
3
123
24
12
162
163
73
71
95
225
127
163
246
86
237
208
202
189
205
42
145
211
191
209
164
154
51
80
221
44
198
221
241
74
164
193
152
233
214
36
87
196
90
44
191
46
187
254
168
31
184
74
96
116
69
60
63
103
5
208
95
208
13
124
176
231
72
136
50
15
54
144
65
241
6
250
36
195
10
63
124
214
148
49
9
137
153
140
154
120
7
145
150
104
198
155
239
83
146
136
84
254
38
108
225
188
173
230
95
49
203
139
247
110
25
71
78
151
7
27
114
107
66
253
113
218
225
215
112
156
128
34
3
110
51
120
41
187
35
186
2
237
244
135
60
71
3
21
208
143
65
172
68
231
123
119
45
118
212
237
138
166
169
76
232
128
112
85
198
27
169
22
20
142
254
120
155
145
80
52
127
107
180
43
71
40
228
126
154
201
253
248
247
72
44
118
187
60
153
17
242
44
42
47
29
222
20
214
215
36
56
21
73
155
228
78
121
81
197
148
106
135
30
68
105
55
137
174
110
139
164
181
183
139
238
75
17
230
186
215
36
201
194
6
135
39
189
54
223
64
252
36
216
211
19
255
144
84
35
167
47
131
91
56
75
160
242
194
232
184
211
63
79
66
144
83
181
69
13
180
247
212
119
121
125
250
165
158
36
128
236
233
210
240
82
142
75
170
188
84
58
84
112
106
146
98
164
242
175
96
32
233
41
84
255
143
168
95
168
103
207
96
98
155
56
220
148
113
30
191
47
231
74
185
78
147
5
22
157
92
25
205
218
120
49
69
147
186
151
53
234
105
18
170
133
27
12
92
33
186
93
170
75
181
167
14
215
61
136
100
86
87
6
225
50
222
76
113
164
240
253
147
251
178
128
34
249
123
128
81
121
110
9
250
231
236
240
23
63
93
82
154
215
49
193
12
153
7
113
109
253
244
188
177
159
42
197
201
226
219
228
87
244
219
168
102
68
16
244
116
79