128
0
0
0
160
243
193
255
50
89
158
134
129
121
105
234
228
86
196
75
128
184
84
59
94
117
106
178
80
112
242
125
96
0
225
169
84
87
134
153
94
168
35
201
240
114
145
58
28
149
113
30
42
47
231
74
57
4
195
38
28
29
92
59
197
222
89
41
81
151
240
215
23
232
105
18
40
137
139
44
118
241
58
149
186
96
183
103
15
255
56
141
101
86
83
134
99
50
245
78
113
165
90
249
7
123
184
192
36
123
123
129
85
61
110
129
243
70
204
218
71
61
223
18
153
215
181
193
12
153
146
113
109
61
240
236
177
181
32
5
200
224
214
228
119
222
223
40
110
84
16
242
244
79
17
72
228
116
79
244
45
63
61
86
83
142
28
95
177
179
105
2
182
186
164
136
157
245
22
170
143
192
171
30
204
199
162
0
73
118
29
72
202
113
7
81
182
114
67
159
62
41
57
132
8
174
143
110
101
188
167
46
77
105
243
13
251
48
8
100
79
195
38
145
246
222
208
229
173
222
241
135
219
159
33
3
179
127
5
73
105
68
167
126
82
228
244
71
28
93
134
17
1
245
234
160
24
183
210
117
169
118
222
37
152
254
145
202
228
222
97
118
199
79
136
156
144
59
108
96
71
149
64
100
212
104
21
10
247
57
210
79
218
54
121
60
167
65
44
182
155
38
28
21
35
86
129
35
65
142
189
212
83
36
50
221
91
195
220
200
117
15
212
183
107
211
63
204
237
18
26
156
166
11
102
229
28
128
207
106
161
247
137
231
100
34
66
194
215
14
191
246
255
82
113
37
8
177
172
119
30
4
160
171
235
131
123
253
105
121
234
80
224
252
194
29
68
22
177
243
49
193
62
140
191
86
125
41
214
249
196
191
54
149
78
248
138
75
80
74
91
160
178
144
26
238
244
207
67
0
79
120
233
48
169
239
173
84
125
78
27
167
168
165
69
36
51
144
63
185
149
209
134
174
167
133
165
59
156
211
142
16
60
92
57
12
76
187
91
222
153
102
199
191
235
220
50
152
76
40
77
54
196
178
193
235
73
184
98
15
213
160
141
78
22
214
2
247
114
214
67
65
5
194
113
135
41
202
4
46
39
106
169
85
24
79
169
62
212
230
184
194
63
77
3
147
208
165
192
150
12
179
136
45
3
114
252
225
188
47
52
201
210
30
102
142
142
91
172
250
21
19
242
100
207
187
196
100
46
125
51
35
167
44
252
95
63
29
119
108
165
89
112
57
188
178
152
53
246
166
139
63
17
12
127
140
210
40
84
24
87
26
72
203
67
139
213
79
50
236
21
234
105
154
128
8
143
29
54
229
190
149
200
79
241
226
175
242
17
40
84
82
81
22
227
89
216
198
245
173
212
117
166
107
30
132
242
227
64
143
221
57
237
169
122
82
206
60
197
229
93
0
157
213
180
195
165
29
183
114
233
173
124
172
224
154
98
129
202
233
254
97
94
94
95
232
174
22
57
190
113
229
147
101
101
86
173
182
233
183
38
90
91
138
189
122
13
135
89
224
180
250
102
185
155
183
23
34
34
213
15
15
204
85
172
64
50
91
31
204
194
117
143
244
135
230
71
207
174
66
30
12
140
44
5
230
229
158
65
236
147
161
225
3
243
53
41
77
82
247
36
55
114
76
82
253
163
216
241
45
126
138
5
42
103
237
137
25
56
111
161
251
80
237
232
194
7
221
6
73
129
159
197
172
156
149
89
200
40
76
56
231
70
102
129
204
172
219
64
95
79
123
184
62
20
105
190
112
65
23
65
78
120
76
16
35
35
171
94
31
139
31
127
185
165
72
48
51
128
166
156
77
163
60
174
47
197
172
54
105
210
30
212
31
133
91
204
206
61
10
245
158
227
231
15
110
105
64
200
140
160
137
103
109
180
1
203
91
225
227
13
231
22
13
4
71
119
3
150
83
206
86
115
181
136
218
129
255
154
12
46
39
74
147
221
185
191
225
209
94
104
248
65
53
205
2
179
21
179
25
188
158
187
84
124
137
123
236
192
164
38
3
72
184
208
100
82
206
217
160
62
20
25
58
118
151
131
66
104
112
108
16
34
243
13
118
219
138
143
111
176
161
73
32
146
191
19
185
133
231
144
186
127
238
136
187
220
81
41
164
153
95
223
74
144
57
10
219
87
99
231
22
250
73
48
12
140
60
29
110
227
188
133
74
78
148
194
31
227
178
25
20
109
209
130
179
122
210
198
212
181
92
113
87
59
177
8
166
163
233
139
217
57
77
101
252
138
252
250
207
57
76
34
152
197
149
227
40
156
37
64
117
47
118
252
65
155
3
160
216
252
92
112
6
229
93
44
190
28
55
122
81
95
23
192
180
52
70
60
175
231
13
93
75
170
63
251
184
53
89
40
52
186
54
56
144
214
55
186
59
67
158
111
247
213
160
16
17
81
159
237
218
253
139
5
215
73
203
155
238
235
26
8
140
140
201
96
61
172
135
230
79
176
195
6
227
20
43
192
70
69
22
187
116
222
66
85
160
253
208
151
111
28
20
114
136
109
7
89
49
99
37
219
66
104
120
19
125
102
14
21
209
55
201
44
156
149
148
123
241
102
254
237
154
39
169
193
104
90
72
86
204
81
184
182
18
191
254
208
74
35
97
116
160
239
112
123
230
33
16
94
128
28
251
185
157
201
32
234
234
29
146
145
243
62
166
59
69
166
187
220
137
52
19
17
29
26
100
202
204
11
221
67
96
215
79
229
111
150
136
44
171
189
71
245
104
7
170
27
176
239
75
246
62
8
192
71
237
134
179
170
142
105
255
161
216
217
139
111
26
44
166
163
49
147
90
49
47
160
82
82
89
248
203
233
79
18
193
218
179
69
172
60
178
224
92
57
162
126
161
206
39
141
140
233
208
97
210
207
97
40
190
204
107
213
122
75
147
104
104
96
237
24
175
231
119
68
92
130
93
126
16
167
252
32
58
110
52
136
197
248
16
46
47
101
139
143
253
195
240
146
89
13
26
192
142
120
1
212
19
99
253
159
238
177
66
163
134
170
13
78
233
168
5
194
207
177
185
31
244
60
73
69
236
215
35
178
80
30
196
55
245
211
255
131
123
58
1
151
131
123
67
223
121
63
128
244
22
237
250
202
188
77
32
5
85
191
145
173
152
243
80
127
40
82
253
233
14
34
193
216
234
216
32
87
76
91
44
31
60
123
122
122
31
152
70
32
116
111
49
15
230
37
196
91
202
13
125
186
231
72
138
50
159
55
186
85
117
212
250
36
203
138
63
124
214
145
48
9
157
157
140
154
88
5
145
150
224
207
10
238
75
214
14
30
238
44
96
97
189
135
235
91
176
217
159
243
236
89
110
66
215
6
145
123
107
67
207
97
222
41
199
123
158
64
35
131
98
2
121
41
239
161
168
18
236
246
71
60
101
14
133
81
157
69
172
198
167
83
117
105
119
84
225
43
38
137
28
234
202
48
93
200
223
168
30
17
139
223
96
155
17
0
52
117
97
116
42
237
44
208
94
176
157
127
96
247
98
42
54
186