128
0
0
0
160
243
193
255
50
89
112
239
147
241
229
68
233
48
33
247
5
82
31
138
189
122
157
134
89
52
180
170
102
179
147
119
22
162
35
65
175
47
88
83
244
80
50
81
159
204
72
113
139
213
181
166
193
199
254
107
30
140
141
142
4
114
197
158
1
234
217
161
235
9
247
52
169
65
99
246
22
167
244
206
18
222
163
92
241
143
119
30
37
50
39
235
83
25
18
99
37
250
208
228
120
195
31
137
4
73
193
183
205
168
157
151
89
105
9
84
120
225
12
54
137
206
232
218
192
83
235
122
184
170
146
43
174
91
73
23
64
108
120
233
17
59
99
173
132
31
161
17
251
184
37
65
160
50
152
242
158
77
227
20
166
43
196
174
54
200
243
6
148
25
207
11
196
204
121
11
117
146
71
230
15
250
239
2
216
167
168
137
102
237
176
1
203
91
53
99
223
183
31
5
192
70
85
14
51
114
252
134
243
125
200
243
139
127
155
36
43
183
75
161
221
57
253
177
242
84
236
248
99
56
104
35
129
197
51
209
252
183
177
212
125
33
122
120
192
142
162
1
24
168
241
108
210
206
217
160
62
20
25
58
118
151
131
66
104
112
108
16
34
243
13
118
219
138
143
111
176
161
73
32
146
191
19
185
133
231
144
186
127
238
136
187
220
219
40
148
56
77
159
76
26
57
32
217
19
98
69
23
110
105
48
76
138
118
29
100
233
184
132
202
66
165
195
45
115
52
155
84
78
209
6
179
210
219
103
212
181
204
119
151
43
177
2
166
163
99
143
221
24
127
37
122
130
172
211
207
185
77
128
153
81
181
227
104
154
111
64
127
37
114
253
193
151
50
161
234
108
218
242
70
198
93
168
190
180
62
219
81
95
135
198
116
36
70
54
175
231
37
88
219
171
13
251
56
119
9
11
62
62
54
26
157
115
22
136
235
195
86
47
222
223
32
17
51
84
58
204
232
233
15
93
215
73
195
95
238
195
18
173
141
140
205
224
39
236
142
228
79
177
67
10
66
20
25
132
192
151
86
146
124
154
67
247
172
89
241
165
239
30
14
114
162
111
199
89
49
110
21
90
72
108
248
145
109
77
14
21
208
159
205
141
188
191
148
251
35
54
253
227
158
39
131
201
248
219
90
198
202
131
248
148
16
59
254
82
70
38
65
94
176
107
232
107
231
41
16
94
162
17
107
56
143
205
32
104
170
53
144
213
242
190
170
154
197
134
235
222
195
116
27
31
217
27
108
207
201
42
197
67
224
135
79
239
101
86
137
134
175
137
103
223
60
133
50
27
154
233
11
247
188
1
192
103
199
86
179
112
206
96
241
229
217
81
130
94
187
20
54
37
123
211
114
63
235
161
242
94
104
217
211
185
205
210
209
250
185
69
172
30
191
208
125
11
178
250
57
142
36
141
204
233
216
105
215
206
121
60
58
30
107
255
116
11
147
66
101
80
108
56
187
227
109
68
93
136
93
126
18
167
108
33
16
122
176
90
197
248
24
174
47
101
139
138
252
195
228
150
89
13
58
194
142
120
131
216
135
227
247
15
104
225
66
163
138
170
13
110
233
56
164
250
207
49
51
79
220
56
141
68
196
223
134
179
80
26
68
45
181
218
253
131
122
186
13
54
131
73
7
89
171
127
169
252
82
236
82
198
45
76
10
85
87
191
129
173
156
183
81
127
40
102
253
219
14
34
89
152
194
222
96
86
236
82
29
191
46
255
248
168
15
147
68
32
117
77
57
170
199
61
212
95
216
93
127
182
35
72
10
62
155
22
144
81
117
28
234
46
199
142
62
222
210
52
17
35
205
31
20
154
83
15
213
151
64
206
170
239
83
214
142
84
238
13
98
161
189
165
227
202
145
243
143
247
102
73
68
72
83
7
59
122
90
99
229
245
216
243
151
89
158
68
35
3
110
166
120
41
123
39
234
2
199
254
71
61
69
14
21
240
165
69
44
76
247
123
113
173
118
126
233
30
38
163
12
238
2
112
84
194
95
169
30
25
43
223
74
79
17
192
52
126
105
52
43
101
37
212
95
168
217
121
96
183
75
44
54
187
22
145
129
211
52
46
47
87
158
55
218
211
36
176
28
120
58
220
222
255
27
133
188
100
67
31
108
100
166
8
142
106
139
60
165
189
139
42
74
145
234
27
215
22
141
68
212
199
14
181
114
222
226
240
128
249
225
147
253
138
84
9
165
239
131
81
53
235
128
234
214
108
40
131
22
65
134
145
83
189
65
172
190
115
86
165
57
116
240
229
159
6
136
220
200
248
228
86
92
75
160
184
20
59
94
117
106
178
80
112
242
125
96
0
225
169
84
87
134
153
94
168
35
201
240
114
145
58
28
149
211
31
190
15
231
10
63
78
195
44
22
25
93
187
201
239
88
27
193
17
114
151
52
232
237
18
128
128
42
44
118
97
60
85
170
96
189
103
15
117
60
137
68
100
19
0
107
98
220
78
241
164
248
248
147
91
184
128
34
49
123
139
95
57
111
1
255
119
205
232
215
187
93
82
186
215
49
193
164
144
51
113
109
173
246
44
161
181
42
5
200
106
210
224
86
236
159
174
102
4
57
242
116
78
187
73
228
244
69
48
41
237
61
92
89
14
29
223
189
23
104
48
230
56
118
200
148
255
82
171
37
196
10
62
230
83
36
200
73
118
17
200
202
81
7
193
23
74
67
31
180
121
17
128
204
175
165
102
80
188
141
62
73
161
179
4
241
176
9
228
67
103
39
163
166
92
2
165
164
212
181
134
113
155
128
35
153
235
131
129
105
68
171
254
82
196
244
215
189
101
134
145
139
165
194
164
220
182
248
125
156
118
244
53
156
54
209
195
238
94
96
246
203
235
137
174
192
185
190
32
78
159
4
101
126
108
180
42
221
173
84
135
218
54
117
188
167
97
44
38
58
30
28
149
169
6
169
39
133
143
151
220
102
36
24
205
95
11
156
193
127
143
213
55
103
119
62
254
189
144
200
220
175
1
34
228
182
132
110
74
139
99
15
47
100
34
78
66
215
46
191
102
94
106
113
165
130
225
132
115
218
5
136
163
78
130
123
249
233
99
170
89
226
252
195
157
72
183
177
193
117
71
236
204
150
94
57
40
116
245
96
158
4
21
76
226
138
97
82
138
91
170
191
48
58
246
224
75
211
80
102
118
45
49
169
231
169
245
119
202
153
117
232
172
79
100
50
184
55
188
148
251
134
174
111
213
140
61
156
210
142
16
60
92
57
12
76
187
91
222
153
102
199
191
235
220
50
152
76
40
77
54
196
178
193
235
201
185
246
15
213
240
143
214
6
246
0
55
115
220
67
229
164
226
97
131
163
202
46
38
163
107
161
80
140
110
155
62
84
52
184
195
57
9
3
177
216
52
225
188
28
183
2
61
41
120
120
224
182
42
149
72
192
94
96
12
222
88
160
254
21
147
254
197
79
155
148
102
100
61
59
45
99
45
244
90
58
60
111
108
37
9
112
51
182
114
153
159
242
146
171
21
69
142
231
140
248
46
20
25