128
0
0
0
160
243
193
255
50
89
216
81
135
202
27
52
166
163
97
147
113
63
47
161
90
87
201
217
211
41
203
18
193
250
179
69
172
148
187
212
92
57
242
124
49
222
13
141
76
232
88
104
214
206
121
108
184
204
43
252
124
75
146
96
109
96
77
18
175
231
191
68
87
140
29
127
24
162
108
1
34
174
176
136
197
216
16
46
47
205
130
187
253
195
160
144
201
29
48
192
78
121
137
221
23
98
229
219
232
177
2
138
128
170
12
70
236
168
165
200
207
177
113
31
255
50
9
68
230
210
35
146
98
202
196
229
245
243
247
3
123
146
8
166
130
123
7
217
233
47
138
246
214
236
122
203
189
77
32
85
215
109
209
174
144
179
81
93
32
98
220
195
26
38
19
216
224
220
96
86
110
94
141
159
4
47
120
96
31
184
70
224
116
101
60
175
198
61
208
223
90
93
84
180
35
73
162
58
58
54
186
81
245
206
186
45
201
138
62
252
218
48
48
59
217
27
94
218
113
13
213
151
194
194
58
207
121
6
14
156
254
38
96
97
188
141
230
207
144
243
139
119
228
73
111
74
83
6
49
122
94
66
215
97
222
41
151
121
150
0
35
131
98
151
121
27
235
161
104
66
228
254
195
61
237
7
180
240
165
213
42
140
231
123
123
173
118
244
237
26
7
145
76
104
10
32
125
194
223
168
60
28
187
254
82
139
149
152
116
118
97
52
42
199
36
64
127
168
153
127
42
183
65
38
50
186
150
157
176
210
6
190
169
213
222
20
218
87
36
24
21
217
58
220
78
249
219
149
188
110
67
31
108
97
146
136
174
106
11
190
245
190
137
238
74
145
234
27
215
22
141
68
212
199
14
181
114
222
226
240
128
249
225
147
253
138
84
9
165
239
131
81
53
235
128
234
214
108
40
131
22
65
134
145
83
189
65
172
190
115
86
165
57
116
240
229
159
12
136
233
232
248
240
82
70
27
131
186
84
59
84
112
106
146
98
164
242
175
96
32
233
41
84
255
143
168
95
168
103
207
96
98
155
56
220
148
241
31
43
47
231
26
187
214
131
37
20
93
93
19
205
126
217
17
85
151
48
151
31
226
237
19
162
128
143
45
110
33
58
143
170
74
179
227
14
245
53
25
69
124
71
2
107
34
244
70
245
165
250
248
50
122
160
192
36
123
43
131
93
125
110
137
246
70
108
208
71
61
23
18
146
217
245
192
4
156
2
80
117
253
116
236
177
149
32
5
200
72
223
208
119
222
143
42
254
68
58
242
52
78
153
65
224
117
87
176
43
63
125
127
85
142
29
247
176
35
104
48
98
186
52
136
183
247
86
171
143
192
171
30
204
199
162
0
73
118
29
72
202
113
7
81
182
114
67
159
62
41
57
132
8
174
143
110
101
188
167
46
77
105
243
13
251
48
8
70
79
86
6
145
230
90
72
165
164
220
181
135
121
155
32
35
171
251
135
25
41
109
163
186
83
70
248
230
60
111
194
23
19
229
202
162
152
183
240
120
156
86
236
33
24
102
209
233
230
158
97
222
195
75
41
142
4
189
118
32
100
149
68
100
124
97
180
10
247
169
212
143
202
54
115
60
167
203
40
178
186
20
92
147
43
6
168
35
193
143
31
213
199
4
50
157
93
137
220
194
127
11
213
61
103
215
30
230
173
148
130
204
175
13
102
228
190
132
250
74
139
115
11
47
100
35
64
70
215
36
186
199
223
120
49
163
0
177
135
127
222
5
2
170
234
163
73
185
111
243
186
82
226
124
194
23
65
35
177
217
113
71
166
220
182
82
125
40
116
253
241
159
28
17
204
48
138
74
82
206
91
138
183
161
58
196
180
73
75
0
100
112
41
49
11
238
172
116
79
10
29
45
248
167
71
164
51
50
62
28
180
227
70
170
45
213
172
59
156
210
132
21
60
124
11
216
76
105
91
254
145
230
199
23
226
237
51
152
8
46
221
38
206
176
1
234
201
185
99
15
213
240
15
156
86
213
10
183
115
126
79
229
132
226
241
5
251
202
14
38
167
107
1
81
185
111
131
62
84
52
232
193
49
73
3
177
216
161
225
142
24
183
194
109
33
112
252
225
62
35
164
233
248
206
230
70
158
112
174
58
20
185
243
196
207
145
132
226
46
45
49
37
39
44
116
86
158
61
93
60
167
219
48
58
188
54
152
53
246
51
139
63
209
8
47
140
248
34
148
25
85
23
72
235
105
143
85
71
34
236
19
106
105
144
128
12
174
47
162
227
100
149
232
71
181
226
47
254
32
41
102
194
215
148
163
122
216
66
245
5
221
212
166
107
142
130
50
243
64
133
221
57
103
173
126
115
252
124
67
237
13
41
157
85
181
225
165
136
151
114
249
41
228
236
233
152
38
129
104
237
255
65
70
218
221
184
238
63
61
122
112
71
159
196
69
100
233
176
251
167
6
88
219
138
159
119
56
167
107
228
52
98
38
154
153
247
23
138
38
209
174
29
88
211
182
0
17
91
27
204
106
124
46
244
135
118
65
15
190
66
20
12
140
166
1
226
196
172
1
106
155
241
200
3
115
52
139
76
198
215
36
119
116
6
82
247
169
220
240
175
114
26
132
10
163
105
137
73
49
105
37
250
242
233
72
226
45
153
128
209
129
180
205
232
157
189
81
249
40
76
124
225
70
118
170
194
236
218
72
90
218
219
128
58
20
97
238
115
71
211
65
204
116
216
48
35
51
47
68
15
129
27
251
184
7
76
144
19
170
226
26
213
163
23
166
107
196
132
62
88
210
30
144
25
133
75
231
192
125
11
253
155
118
71
55
106
105
72
152
143
166
77
103
77
188
48
234
67
101
225
31
167
63
15
192
70
119
3
3
83
206
150
119
229
136
240
139
63
155
14
35
39
106
185
217
57
183
241
209
88
232
248
235
49
89
130
185
85
181
155
188
159
191
16
124
129
118
73
225
150
242
131
216
184
209
102
210
206
251
173
14
53
43
42
242
15
195
65
104
48
108
58
42
99
44
110
223
138
197
47
147
173
77
32
26
182
34
24
189
119
22
240
63
198
134
127
221
121
36
53
24
127
219
74
8
41
0
219
147
98
103
26
91
73
2
72
10
238
93
71
235
248
132
232
66
48
227
45
99
176
3
20
71
211
66
179
112
223
102
244
173
72
245
199
107
152
6
98
162
233
131
221
152
71
225
126
88
188
243
197
121
77
0
144
245
180
201
60
152
247
64
127
43
54
253
75
158
3
128
234
40
92
162
6
197
85
172
190
180
62
75
80
95
83
198
36
36
76
62
111
230
175
92
74
138
63
187
62
53
9
1
52
62
55
154
148
227
23
144
191
193
86
111
246
215
36
16
59
84
174
205
240
189
13
13
215
98
195
91
239
73
27
9
172
190
141
102
183
252
133
228
207
176
203
3
227
180
33
192
70
141
22
176
122
158
67
93
165
109
241
143
175
152
20
114
168
109
7
89
153
106
17
219
66
56
122
131
109
76
14
213
208
191
192
40
157
141
208
125
241
38
215
235
154
38