128
0
0
0
160
243
193
255
50
89
54
56
149
66
151
154
171
197
132
47
244
213
100
16
185
88
62
237
218
109
141
197
199
73
193
155
238
97
30
12
173
190
137
230
53
252
174
230
207
177
97
7
119
52
43
128
64
15
22
177
126
218
67
213
172
204
209
165
255
154
150
50
171
109
131
89
153
106
132
219
66
248
126
211
109
102
4
21
209
189
205
40
189
167
212
253
249
54
215
237
26
38
3
192
104
218
66
146
200
131
184
188
24
63
255
80
70
135
96
70
240
109
162
59
239
43
84
95
42
24
90
153
183
93
166
34
234
29
158
17
243
30
166
171
228
158
187
92
3
100
59
21
217
27
78
194
249
11
247
83
100
31
15
236
101
22
137
172
167
25
70
199
56
133
120
91
185
229
15
247
148
12
97
103
199
18
53
98
142
105
243
33
216
249
139
255
187
20
166
35
187
195
114
53
235
161
120
90
108
248
225
249
75
218
129
211
185
197
173
188
190
68
93
11
242
252
115
142
46
135
200
232
122
101
115
239
75
188
56
4
107
213
118
203
147
72
104
240
76
32
175
103
253
20
116
134
153
127
58
175
201
32
16
126
48
64
133
241
26
174
46
229
135
43
252
241
160
16
139
77
19
202
202
121
171
208
178
67
215
11
104
121
66
163
138
42
13
110
233
56
164
250
207
49
51
79
220
56
141
68
196
223
134
179
80
26
68
45
181
218
253
131
122
186
13
54
131
73
7
89
171
127
169
252
82
236
88
198
24
108
18
133
87
165
145
135
154
51
80
117
37
242
221
241
26
166
81
136
195
214
228
86
76
83
40
190
54
255
248
168
95
145
76
96
117
77
57
63
199
15
208
95
24
13
119
190
167
73
128
55
159
23
136
129
117
6
250
4
195
10
63
212
223
160
49
9
217
155
28
138
82
7
81
151
224
207
159
238
75
214
142
84
190
15
106
225
189
175
227
106
177
193
159
243
188
73
111
66
151
6
25
114
251
67
215
101
94
51
215
112
148
0
34
3
110
54
121
41
175
39
186
2
205
246
135
60
79
11
16
209
151
85
40
150
231
81
121
109
118
244
224
42
134
155
72
232
136
48
86
194
223
169
148
24
26
222
120
139
21
74
36
117
111
48
42
229
44
68
94
176
141
123
96
247
99
36
50
186
20
145
32
242
44
110
41
29
206
63
216
151
37
56
21
73
155
228
78
121
81
197
148
106
135
30
70
105
167
136
132
122
15
118
181
183
131
110
75
17
230
191
214
36
221
198
6
135
7
191
54
223
72
244
33
217
203
7
123
66
84
9
169
111
131
209
49
235
128
234
2
236
250
211
31
73
66
144
113
176
228
141
140
163
214
109
121
93
250
101
158
46
141
76
201
202
228
214
30
27
131
178
144
59
124
120
207
147
98
160
114
181
32
41
235
41
85
93
131
156
127
154
51
205
42
98
187
50
220
149
241
23
142
46
205
30
59
156
195
38
18
89
92
177
204
239
120
41
21
17
160
151
20
224
109
18
40
137
27
45
118
37
58
197
186
106
191
167
14
127
57
25
197
118
199
128
59
34
245
68
241
165
208
253
3
90
138
128
162
115
43
168
85
189
111
35
242
210
236
218
7
59
149
18
147
221
177
192
140
149
163
112
95
173
118
110
241
150
32
129
200
66
223
112
87
198
159
46
180
84
58
254
112
78
145
65
116
117
87
160
47
63
125
126
91
138
29
93
177
18
72
26
246
188
238
216
149
247
82
171
15
204
15
31
204
83
36
66
89
93
21
72
203
83
7
244
183
106
3
153
228
41
19
138
140
175
15
103
245
189
191
122
79
105
179
37
243
52
9
102
79
98
7
137
182
216
154
181
165
220
181
134
91
147
133
2
179
235
131
11
121
111
175
126
83
100
240
71
28
93
82
145
211
165
227
168
220
182
240
120
12
87
236
245
24
54
209
227
238
94
96
94
194
223
137
174
144
187
46
48
100
159
196
100
246
101
176
43
197
233
82
135
154
31
115
188
166
233
45
34
155
12
152
23
115
70
160
43
193
142
189
212
83
36
50
221
91
195
220
200
117
15
212
183
107
211
63
204
237
18
26
156
166
11
102
229
28
128
207
106
161
247
137
231
100
34
66
194
215
132
190
198
94
64
49
35
130
177
134
117
90
5
2
170
127
163
123
189
111
51
234
90
234
248
195
157
72
39
176
193
161
71
188
204
156
86
249
41
126
240
101
191
54
5
72
56
154
75
90
74
91
42
182
148
59
220
180
73
75
80
102
120
105
49
11
238
57
116
125
14
29
237
168
175
79
32
50
26
51
189
180
227
2
44
63
149
165
57
88
211
44
28
157
124
11
72
74
169
75
254
155
230
199
63
231
125
50
170
8
174
159
118
237
186
133
234
235
180
198
46
231
32
143
84
22
252
0
55
114
214
78
113
132
200
117
7
171
218
47
46
39
107
1
81
185
111
131
62
84
52
232
193
49
73
3
177
216
161
225
142
24
183
194
109
33
112
252
225
62
35
164
233
248
206
230
70
158
112
174
58
20
51
242
244
110
131
196
228
164
45
27
39
99
45
214
87
10
29
93
124
161
145
48
48
182
50
153
189
250
150
42
7
197
140
53
204
219
34
148
25
253
30
124
235
105
223
87
215
50
198
19
170
104
24
137
8
175
55
230
229
100
213
193
65
181
227
39
251
32
137
108
194
215
92
163
113
214
2
244
13
216
68
135
115
78
6
50
243
96
133
221
57
207
164
74
115
252
44
65
125
29
3
157
149
180
203
173
24
182
106
253
41
174
172
202
148
34
129
224
228
206
224
126
74
91
242
174
23
51
190
113
231
147
245
100
124
185
50
59
183
38
82
219
138
189
122
8
134
89
244
176
250
102
153
153
183
23
160
46
65
143
5
92
211
252
64
50
87
31
204
226
117
31
85
191
230
199
69
254
106
26
200
141
6
13
211
229
180
81
232
91
225
232
9
115
52
169
65
246
246
22
103
240
158
18
244
169
156
240
141
122
30
5
24
35
107
91
9
18
101
165
250
122
224
236
67
21
201
2
203
193
182
201
236
157
29
80
88
40
84
60
103
92
118
138
198
236
218
192
83
123
123
184
126
146
123
174
81
65
215
65
102
125
236
48
9
115
169
94
15
139
25
59
184
165
72
4
51
178
166
156
213
227
20
168
111
196
12
63
88
114
12
80
157
87
75
199
204
61
11
215
150
70
198
23
126
109
82
152
142
172
77
103
79
188
160
235
105
113
101
205
167
63
7
64
70
119
3
6
82
206
130
115
229
136
208
137
63
155
134
42
182
107
161
157
191
253
225
219
84
104
249
193
60
93
3
171
65
177
25
252
182
179
80
125
11
127
73
224
164
226
135
16
168
218
100
18
207
123
161
63
52
43
126
112
29
211
64
106
240
108
24
39
243
173
124
219
138
71
111
187
175
9
33
154
186
131
152
157
39
20
186
127
206
136
187
220
115
33
160
56
77
207
78
138
41
10
217
211
99
205
30
106
104
40
8
140
118
93
77
239
184
133