128
0
0
0
160
243
193
255
50
89
96
246
206
234
41
142
144
59
244
96
103
149
0
100
212
104
21
10
247
57
210
79
218
54
121
60
167
65
44
182
155
38
28
21
35
86
129
35
65
142
189
212
83
36
50
221
91
195
220
200
117
15
212
183
107
211
63
204
237
18
26
156
166
11
102
229
28
128
207
106
161
247
137
231
100
34
66
194
215
14
191
246
255
82
113
37
8
177
172
119
30
4
160
171
235
131
123
253
105
121
234
80
224
252
194
29
68
22
177
243
49
193
62
140
191
86
125
41
214
249
196
191
54
149
78
248
138
75
80
74
91
160
178
144
26
238
244
207
67
0
79
120
233
48
169
239
173
84
125
78
27
167
168
165
69
36
51
154
63
140
181
209
146
170
189
213
134
57
220
211
132
21
60
124
11
216
76
105
91
254
145
230
199
23
226
237
51
152
8
46
221
38
206
176
1
234
201
185
99
15
213
240
15
156
86
213
10
183
115
254
75
225
133
250
117
135
233
138
12
36
163
107
35
92
28
78
177
238
212
252
168
232
59
201
2
153
221
49
224
188
24
55
128
61
2
122
120
225
28
46
1
200
202
30
102
142
222
89
164
186
21
27
247
100
111
177
196
100
230
125
56
45
231
45
244
90
175
60
111
172
33
89
112
25
188
178
152
157
255
146
139
63
65
14
239
156
248
40
148
25
223
19
76
202
91
207
211
79
114
197
19
234
104
50
129
152
142
47
226
229
46
149
226
77
177
227
175
242
17
40
84
82
81
22
227
89
216
198
245
173
212
117
166
107
30
132
242
227
64
143
221
57
237
169
122
82
206
60
197
229
93
0
157
213
180
225
165
136
151
114
249
41
228
236
233
152
38
129
104
237
255
65
70
218
221
184
238
63
61
122
112
71
159
196
69
100
233
176
251
167
6
88
219
138
159
119
56
167
107
228
52
98
38
154
153
247
23
128
38
228
142
29
76
215
172
80
50
89
91
204
96
121
46
212
181
162
65
221
190
98
28
140
140
14
8
211
197
172
69
108
11
225
194
1
179
53
11
77
199
215
36
39
246
212
18
244
161
156
241
143
122
46
164
56
35
107
209
9
57
99
37
251
120
224
217
227
53
137
132
155
145
180
195
172
157
181
81
109
40
76
108
229
70
118
171
204
232
218
66
95
123
90
146
122
18
227
190
112
75
215
65
76
120
121
176
3
99
45
14
79
137
21
63
185
15
73
149
50
178
226
154
133
163
29
172
171
197
46
58
108
242
52
196
155
29
75
205
198
61
10
223
150
230
198
37
110
105
202
216
167
164
9
102
109
180
1
203
91
225
227
13
231
22
13
4
71
119
3
150
83
206
86
115
181
136
218
129
255
154
12
46
39
74
147
221
185
191
225
209
94
104
248
65
53
205
2
179
21
179
25
188
158
187
84
124
43
127
125
225
188
178
5
194
184
219
100
18
206
89
169
154
21
51
110
116
15
131
66
102
52
108
154
43
194
44
118
159
12
223
47
179
169
77
32
146
191
131
184
133
51
144
234
127
228
128
123
221
91
41
0
152
109
11
74
66
41
32
211
147
98
207
19
106
72
2
12
12
126
77
77
233
56
133
104
67
49
227
45
51
50
209
84
68
219
2
178
82
215
86
213
135
92
241
21
107
146
2
34
163
193
134
73
56
103
101
124
88
172
249
195
61
76
0
144
193
180
251
60
152
111
0
87
45
118
252
195
151
147
128
242
44
220
184
22
206
95
236
191
52
50
127
80
95
19
64
54
52
109
62
175
230
7
88
126
170
21
187
62
173
9
33
48
186
55
154
148
227
23
144
191
193
86
111
246
215
36
16
59
84
174
205
240
189
13
13
215
98
195
91
239
73
27
9
172
190
141
102
183
252
133
228
207
176
107
7
115
21
25
20
70
213
22
145
118
158
67
85
160
253
208
151
111
28
20
114
136
109
7
89
49
99
37
219
66
104
120
19
125
102
14
21
209
55
201
44
156
149
148
123
241
102
254
237
154
39
33
197
248
251
90
86
76
219
248
180
16
63
254
242
71
19
64
70
176
107
232
59
229
33
80
94
170
20
107
152
133
205
32
160
170
62
158
149
243
182
175
10
228
158
43
90
195
116
59
31
217
27
78
199
205
139
215
83
228
157
95
239
103
210
137
172
167
25
70
199
56
133
120
91
185
229
15
247
148
12
97
103
199
18
53
98
142
105
243
33
216
249
139
255
187
20
166
35
187
195
114
53
235
161
120
90
108
248
225
249
75
218
129
211
185
197
173
188
190
68
93
11
242
252
115
142
46
135
200
232
122
101
115
239
75
188
56
4
107
213
118
203
147
72
104
240
76
32
175
103
253
20
116
134
153
127
152
174
93
0
16
62
54
10
133
251
16
170
47
101
139
26
253
195
48
150
9
13
48
202
78
121
3
217
19
67
215
155
110
185
82
163
128
42
13
228
237
60
133
200
143
183
59
31
245
56
13
69
102
222
18
147
80
90
66
103
181
208
247
135
123
58
1
7
130
123
151
223
41
63
138
252
214
236
240
207
185
108
18
21
81
101
129
135
144
51
80
255
33
246
252
195
90
32
89
216
234
214
100
87
230
82
40
62
60
59
252
122
95
155
70
224
116
205
53
155
198
61
128
221
202
77
126
180
227
72
42
51
62
55
162
21
243
206
250
4
207
138
63
244
223
48
144
49
217
27
150
218
122
3
149
150
202
199
170
238
97
198
138
156
254
6
96
97
188
37
239
251
144
243
219
117
116
89
69
74
147
7
185
115
90
67
207
37
216
41
215
80
144
0
34
139
103
151
217
17
235
161
160
66
239
240
131
60
229
2
36
209
189
21
174
140
231
91
123
173
118
92
228
46
7
145
28
106
154
48
87
194
31
169
180
21
191
255
74
207
147
152
52
95
103
52
43
207
33
64
223
162
153
127
226
183
74
40
114
187
158
152
32
243
30
126
45
213
222
52
218
87
36
176
28
237
58
220
30
251
75
133
150
110
131
30
228
104
150
137
182
46
13
190
181
151
143
238
75
153
239
27
119
28
141
68
28
199
5
187
50
223
232
245
128
217
211
71
253
88
84
41
173
111
131
249
60
218
129
234
146
106
184
147
28
67
70
144
211
188
64
172
190
35
212
119
121
119
248
165
158
36
128
236
233
210
240
82
142
75
170
188
84
58
124
112
203
50
104
36
240
103
96
32
225
105
84
93
139
57
126
176
55
77
96
34
184
52
216
148
89
22
143
46
231
78
185
30
131
47
30
29
93
187
201
127
89
27
21
17
34
151
62
224
45
19
10
132
187
13
68
33
58
23
170
106
183
103
14
245
53
25
69
124
71
2
107
34
244
70
245
165
250
248
50
122
160
192
36
123
43
131
93
125
110
129
243
211
204
232
67
61
31
66
145
223
49
192
132
144
163
208
85
173
118
166
241
157
46
193
201
64
218
213
86
198
143
170
174
68
48
248
244
79
51
69
212
85
125
228
169
167
125
85
83
206
28
117
185
35
72
26
178
186
238
200
190
249
18
170