128
0
0
0
160
243
193
255
50
89
66
85
165
105
112
183
255
154
14
50
139
109
195
89
153
106
132
219
66
248
126
211
109
102
4
21
209
189
205
40
189
167
212
253
249
54
215
237
26
38
3
192
104
218
66
146
200
131
184
188
24
63
255
80
70
135
96
70
240
109
162
59
239
43
84
95
42
24
90
153
183
93
166
34
234
29
158
17
243
30
166
171
228
158
187
92
3
100
59
21
217
27
78
194
249
11
247
83
100
31
15
236
101
22
137
172
167
25
70
199
56
133
120
91
185
229
15
247
148
12
97
103
199
18
53
98
142
105
243
33
216
249
139
255
187
20
166
35
187
195
114
53
235
161
120
90
108
248
225
249
75
218
129
211
185
197
173
188
190
68
93
11
242
252
115
142
46
135
200
232
122
101
115
239
75
188
56
4
107
213
118
203
147
72
104
240
76
32
175
103
253
20
116
134
153
127
58
175
201
32
16
126
48
64
133
241
26
174
46
229
135
43
252
241
160
16
139
77
19
202
202
121
171
208
178
67
215
11
104
121
66
163
138
42
13
110
233
56
164
250
207
49
51
79
220
56
141
68
196
223
134
179
80
26
68
45
181
218
253
131
122
186
13
54
131
73
7
89
171
127
169
252
82
236
88
198
24
108
18
133
87
165
145
135
154
51
80
117
37
242
221
241
26
166
81
136
195
214
228
86
76
83
40
190
54
255
248
168
95
145
76
96
117
77
57
63
199
15
208
95
24
13
119
190
167
73
128
55
159
23
136
129
117
6
250
4
195
10
63
212
223
160
49
9
217
155
28
138
82
7
81
151
224
207
159
238
75
214
142
84
190
15
106
225
189
165
227
95
145
193
139
247
166
25
76
64
215
6
19
119
251
99
229
177
94
225
215
80
156
128
34
171
103
7
120
41
235
33
42
18
199
244
71
61
207
10
17
209
151
5
170
68
167
82
113
45
119
214
232
191
38
163
88
236
82
32
125
202
27
168
20
20
30
255
82
143
21
130
52
127
99
52
43
71
40
225
127
154
221
249
248
247
104
46
118
187
52
145
20
243
52
62
171
207
222
62
216
151
36
24
24
233
187
214
74
121
89
133
151
110
67
30
196
101
51
168
132
106
139
108
165
189
135
234
74
179
226
31
246
14
153
64
158
135
44
183
114
222
96
252
16
217
203
67
125
66
68
34
167
47
130
113
53
123
33
210
214
236
162
211
62
69
66
144
121
181
116
172
148
99
82
109
121
125
250
101
158
134
132
120
201
202
180
212
142
11
169
178
80
58
244
113
203
146
122
228
116
181
96
0
237
41
84
215
130
153
94
168
247
73
34
34
152
50
216
148
83
19
143
14
213
154
185
204
131
15
22
157
93
19
192
78
88
27
81
23
178
135
52
226
237
18
10
132
46
13
68
33
186
93
250
73
189
231
14
245
61
136
68
100
67
130
185
34
223
70
177
165
218
240
163
122
146
148
38
227
123
129
91
121
110
11
250
119
237
218
3
187
143
82
154
223
177
193
12
153
2
112
109
233
240
188
177
191
40
197
201
96
215
112
215
254
75
46
54
68
16
248
116
79
155
76
224
85
125
180
171
55
109
127
83
14
29
253
176
39
73
2
246
188
238
136
151
255
18
171
15
204
154
31
254
87
36
130
9
85
29
204
202
211
14
197
150
106
3
153
228
41
19
136
140
175
15
103
245
189
191
122
79
105
179
37
243
52
9
102
79
98
7
137
182
216
154
181
165
220
181
134
91
147
133
2
179
235
131
11
121
111
175
126
83
198
244
226
29
69
198
23
219
245
192
174
156
182
82
124
57
119
198
113
154
254
209
226
236
218
96
116
199
238
169
132
208
61
38
48
79
151
4
101
84
100
177
11
247
173
84
13
202
29
113
60
166
193
40
182
155
38
200
149
241
6
136
43
133
143
159
217
246
5
0
13
219
11
156
225
127
143
213
159
110
67
62
254
237
146
88
204
133
1
226
229
62
141
106
75
147
39
9
47
36
11
72
66
214
166
190
98
255
120
245
39
88
161
141
127
158
4
160
171
235
131
123
253
105
121
234
80
224
252
194
29
68
22
177
243
49
193
62
140
191
86
125
41
214
249
196
191
54
149
78
248
138
75
80
74
91
42
179
160
187
252
180
201
201
0
101
122
173
49
11
238
57
116
125
14
29
237
168
175
79
32
50
26
51
189
180
227
2
44
63
149
165
57
88
211
44
28
157
124
11
72
74
169
75
254
155
230
199
157
230
233
18
170
72
168
213
118
231
176
129
235
107
184
247
47
213
176
9
214
86
223
0
179
114
126
71
208
132
200
229
1
107
202
47
36
39
107
139
85
189
78
177
126
210
60
184
232
49
201
2
177
216
161
225
142
24
183
194
109
33
112
252
225
62
35
164
233
248
206
230
70
158
112
174
58
20
51
242
244
110
131
196
228
164
45
27
39
99
45
214
87
10
29
93
124
161
145
48
48
182
50
153
181
250
2
138
13
65
142
173
204
219
34
16
25
253
30
233
235
105
31
83
135
50
236
25
106
105
26
132
8
143
29
226
101
108
197
193
71
53
227
141
255
180
9
102
130
209
222
163
112
210
70
244
141
209
113
7
83
154
6
40
179
99
133
221
57
207
164
74
115
252
44
65
125
29
3
157
149
180
203
173
24
182
106
253
41
174
172
202
148
34
129
224
228
206
224
126
74
91
242
174
23
51
190
113
231
147
245
100
124
185
50
59
183
38
82
219
138
189
122
8
134
89
244
176
250
102
153
153
183
23
160
46
65
143
5
92
211
252
64
50
87
31
204
226
117
31
85
191
230
199
69
254
106
26
200
141
6
13
211
229
180
81
232
91
225
232
9
115
52
169
65
246
246
22
103
240
158
18
244
169
156
240
141
122
30
5
24
35
107
91
9
18
101
165
250
122
224
236
67
21
201
2
203
193
182
201
236
157
31
80
200
41
126
40
227
142
118
138
206
108
218
192
83
126
122
184
106
150
123
174
113
67
215
65
110
117
233
49
17
103
45
140
15
161
23
123
184
143
69
52
178
146
178
152
207
227
21
162
111
196
36
63
249
210
6
208
159
159
75
199
196
125
11
117
146
215
231
15
46
239
82
216
173
160
73
103
231
181
4
234
105
37
103
5
167
53
13
0
70
213
7
151
115
214
210
241
229
200
243
133
59
155
134
34
39
202
171
25
189
101
241
241
84
168
248
193
60
105
3
153
65
177
129
188
158
181
16
124
131
118
217
224
188
230
7
10
184
209
110
82
206
251
173
11
52
43
62
246
15
195
97
106
48
108
178
35
242
45
118
155
12
143
63
153
161
205
33
48
187
38
153
175
99
18
114
127
239
138
63
220
241
45
165
24
103
223
202
18
57
11
209
211
99
231
22
111
73
2
8
140
252
77
102
235
56
132
194
71
165
99
39
115
52
83
84
69
223
70
178
218
222
247
245
173
12
243
151
43
145
2
166
163
203
134
233
24
127
117
120
18
188
249
207
121
76
8
144
85
180
251
44
156
111
0
86
35
114
252