128
0
0
0
160
243
193
255
50
89
127
24
167
248
161
2
62
54
146
133
219
16
234
47
101
139
26
253
195
48
150
9
13
48
202
78
121
3
217
19
67
215
155
110
185
82
163
128
42
13
228
237
60
133
200
143
183
59
31
245
56
13
69
102
222
18
147
80
90
66
103
181
208
247
135
123
58
1
7
130
123
151
223
41
63
138
252
214
236
240
207
185
108
18
21
81
101
129
135
144
51
80
255
33
246
252
195
90
32
89
216
234
214
100
87
238
82
188
158
54
191
254
226
95
155
70
100
116
205
53
14
198
61
64
217
154
77
84
190
35
73
40
62
62
23
136
17
115
198
234
4
201
10
63
94
219
164
16
59
153
29
20
218
123
7
209
150
66
206
11
206
75
150
136
30
190
5
96
229
188
37
239
110
144
243
27
113
36
89
111
64
83
6
187
126
90
99
229
33
88
33
199
80
150
128
34
33
99
3
89
27
171
167
34
66
238
244
199
60
109
11
133
241
151
69
172
14
167
88
123
41
118
92
228
187
7
145
220
110
202
48
125
200
223
168
182
24
191
223
96
203
19
144
36
95
97
180
43
101
37
212
95
168
217
121
96
183
75
44
54
187
22
145
129
211
52
46
47
87
158
55
218
211
36
176
28
120
58
220
222
255
27
133
188
100
67
31
230
101
150
169
156
42
141
182
165
151
137
110
75
51
235
143
247
22
205
66
158
199
4
191
118
223
98
252
177
248
211
3
123
8
20
42
165
107
131
249
60
74
128
234
70
106
232
147
22
75
134
145
217
185
69
141
140
51
208
173
105
93
240
101
158
164
137
72
232
248
164
80
22
75
170
178
16
58
222
121
91
179
98
224
116
255
32
35
225
45
84
255
143
56
94
168
179
207
48
98
145
48
28
149
251
26
46
14
213
10
191
12
147
15
28
157
93
153
196
74
121
41
17
145
186
215
29
226
109
19
162
133
143
13
68
117
184
13
170
96
181
163
15
93
52
44
69
100
23
128
113
34
213
76
241
165
120
244
50
91
138
196
164
227
59
162
87
125
110
163
243
211
236
218
87
185
71
82
144
213
241
193
164
157
3
240
103
169
118
174
177
158
42
5
201
194
214
65
118
198
159
46
180
84
58
252
112
78
145
65
116
117
87
160
47
63
125
126
91
138
29
93
177
18
72
26
246
188
238
216
149
247
82
171
7
201
154
191
244
87
36
74
9
94
19
140
203
209
11
96
151
106
19
29
254
57
25
142
8
174
173
99
85
157
149
62
201
241
179
14
251
112
8
78
71
83
7
137
242
222
154
165
142
210
245
135
243
146
128
3
179
59
131
91
41
77
165
186
83
76
253
230
28
93
22
23
193
229
234
170
24
183
88
113
173
87
236
101
30
246
193
227
228
94
96
212
198
219
168
156
208
61
38
96
77
159
68
101
118
100
177
43
197
185
208
85
218
28
123
252
167
75
33
22
187
62
8
145
179
6
168
45
133
143
149
220
246
37
50
217
219
217
156
193
119
15
213
55
103
114
63
254
169
148
200
220
143
3
34
228
52
136
250
202
129
243
137
127
100
34
66
66
215
14
191
246
255
82
113
37
8
177
172
119
30
4
160
171
235
131
123
253
105
121
234
80
224
252
194
29
68
22
177
243
49
193
62
140
191
86
125
41
220
249
241
159
46
69
78
226
154
97
86
206
90
170
191
4
58
196
224
75
75
16
78
112
109
48
9
238
152
85
101
78
27
167
248
167
77
100
51
154
63
25
181
227
150
170
125
133
142
49
88
210
14
28
56
125
19
8
76
115
75
212
149
98
198
29
239
121
19
178
28
170
213
54
207
184
133
234
105
184
86
14
205
240
15
156
6
215
2
247
115
254
75
116
133
200
113
135
41
218
4
44
39
106
11
81
189
78
177
170
82
238
232
225
57
13
3
49
212
144
224
188
136
49
64
45
2
112
120
225
150
42
5
233
248
94
224
134
142
112
164
58
20
185
246
240
79
177
132
98
172
125
50
39
227
44
244
82
154
60
69
184
37
201
112
56
190
50
152
23
251
150
170
13
1
136
231
204
209
40
20
24
125
18
216
234
91
143
213
5
114
207
25
238
105
178
141
169
143
29
114
99
172
213
193
77
53
227
141
250
128
137
70
130
81
92
243
115
208
130
244
133
209
229
167
89
30
4
176
179
99
133
89
57
207
164
223
115
252
236
69
45
29
41
151
85
181
201
160
24
150
64
249
169
166
188
202
146
162
129
74
224
90
96
116
10
93
112
174
22
55
250
113
111
154
84
68
86
233
48
185
247
37
82
95
138
189
122
157
134
89
52
180
170
102
179
147
119
22
162
35
65
175
47
88
83
244
80
50
81
159
204
234
112
31
245
181
230
199
141
254
97
20
136
140
14
8
67
196
172
145
108
91
225
200
9
115
52
1
72
194
246
22
55
242
14
2
222
169
92
241
5
115
26
4
0
103
109
91
73
59
99
165
251
114
229
236
227
31
201
2
3
193
189
199
172
156
23
85
88
8
102
232
103
142
118
170
206
108
218
104
90
74
122
184
58
148
235
190
91
67
23
64
230
124
237
48
9
35
43
140
79
136
17
123
185
143
64
160
178
146
54
154
159
227
30
172
171
197
46
58
108
242
52
196
155
29
75
205
198
61
10
223
150
230
198
37
110
105
202
216
167
164
9
102
205
176
145
106
99
53
227
85
231
55
1
4
71
127
6
6
114
214
150
247
181
136
250
129
255
154
164
39
19
74
147
141
187
47
241
251
94
168
249
201
60
201
3
171
81
181
25
252
183
189
84
125
1
122
232
97
182
162
129
146
248
217
104
22
207
243
168
11
20
51
42
114
95
195
75
98
240
109
144
46
87
12
68
139
8
93
47
185
171
13
33
56
187
178
153
175
115
22
114
127
238
132
59
220
251
40
4
153
117
159
204
144
105
8
221
215
99
111
31
91
105
26
92
142
190
93
109
227
56
133
74
78
1
194
31
35
182
73
20
71
219
66
178
120
223
198
244
159
88
241
95
43
177
14
38
163
67
143
77
185
71
37
250
8
252
251
203
125
76
168
145
244
180
227
108
26
117
0
118
39
114
252
65
155
147
161
216
40
92
32
6
239
85
236
191
22
50
127
112
109
7
196
110
36
108
52
111
231
47
85
123
139
21
239
188
231
89
34
48
250
55
26
149
119
183
130
111
65
132
111
215
213
96
16
27
92
63
205
194
233
15
149
135
96
197
95
239
195
18
173
141
140
205
224
39
236
142
228
79
177
67
10
66
20
25
132
192
151
86
146
124
154
67
119
173
205
241
165
191
28
150
98
130
109
7
88
59
110
177
251
104
124
252
27
109
103
6
145
209
151
200
25
157
141
148
123
241
54
252
229
218
39
161
193
105
250
112
214
206
9
232
190
26
191
255
88
67
135
192
76
240
109
106
59
228
37
20
94
34
29
202
184
175
157
34
34
234
61
158
17
243
182
175
159
228
158
235
94
147
116
17
21
25
26
198
203
253
10
239
23
98
31
79
197
99
22
136