128
0
0
0
160
243
193
255
50
89
247
148
9
245
199
231
130
179
120
206
106
243
229
216
81
130
94
187
20
54
37
123
211
114
63
235
161
242
94
104
217
211
185
205
210
209
250
185
69
172
30
191
208
125
11
178
250
57
142
36
141
204
233
250
105
66
238
121
44
190
134
43
246
118
79
147
224
97
81
76
32
63
97
61
4
116
140
153
127
176
171
205
1
34
62
182
72
213
216
26
46
47
71
134
191
220
241
224
22
193
77
25
192
206
120
43
220
131
66
229
155
238
251
2
128
138
174
13
198
224
153
164
250
95
55
243
95
220
50
141
68
78
219
130
146
98
90
194
37
229
243
253
3
123
24
12
162
163
73
71
95
225
127
163
246
86
237
216
202
41
109
32
21
209
39
209
164
154
183
80
221
44
83
221
241
138
160
145
152
195
220
228
86
198
87
44
159
4
191
126
160
15
184
76
224
116
239
56
171
231
15
144
89
82
13
125
180
163
72
0
59
174
22
186
17
243
132
186
39
195
142
63
124
214
1
49
9
73
157
220
154
82
13
81
151
106
203
155
207
121
150
8
92
238
38
106
97
188
7
226
203
177
193
203
241
236
25
70
74
211
7
147
123
202
98
215
33
216
99
151
115
156
4
34
3
110
166
120
41
123
39
234
2
199
254
71
61
69
14
21
240
165
69
44
76
247
123
113
173
118
126
233
30
38
163
12
238
2
112
84
194
95
169
158
29
47
222
82
203
147
210
116
124
107
48
43
71
40
113
126
154
9
249
168
247
98
38
182
186
62
148
17
210
6
46
175
21
206
20
208
87
36
146
17
221
27
238
14
127
211
197
149
110
195
30
206
96
6
168
174
42
13
244
245
180
131
234
75
17
230
42
214
36
29
194
86
135
45
181
246
222
74
249
33
249
225
3
251
74
68
9
175
239
131
219
49
239
161
216
150
234
32
211
63
65
6
144
251
188
224
172
190
39
84
245
105
93
248
161
158
140
129
237
233
248
160
208
12
11
163
176
16
59
94
117
250
179
80
164
242
45
96
10
233
105
85
93
131
156
127
154
51
205
42
98
187
50
220
149
251
23
30
143
223
14
63
142
131
36
28
157
92
49
192
235
89
3
17
17
104
135
30
236
105
19
138
141
190
12
92
117
184
93
186
97
181
227
15
213
61
188
69
124
19
0
107
50
222
70
177
164
240
253
147
251
178
128
34
249
123
128
81
121
110
9
250
231
236
240
23
63
93
82
154
215
49
193
12
153
7
113
109
253
244
188
177
159
42
197
201
226
219
228
87
244
219
168
102
68
16
244
116
79
27
72
224
85
125
96
43
229
61
118
91
202
28
223
189
130
104
48
38
60
38
200
190
245
146
170
39
201
10
30
204
87
164
192
89
118
23
72
202
251
3
85
151
64
3
25
54
121
16
132
136
175
15
111
100
188
167
126
207
187
179
14
243
112
9
70
71
243
7
187
226
218
2
229
167
218
177
134
209
154
33
35
129
171
5
155
105
100
175
254
82
76
253
118
29
93
194
23
145
229
224
162
216
182
216
112
57
247
204
241
24
174
209
227
238
222
96
94
194
223
137
174
144
187
46
48
100
159
196
100
246
101
176
43
197
233
82
135
154
31
115
188
166
105
41
38
154
20
28
149
97
6
162
41
197
142
149
217
195
37
24
221
219
17
140
203
121
11
212
149
99
215
30
212
249
22
80
220
132
9
102
229
158
140
95
74
139
39
9
47
116
9
64
2
214
38
186
243
254
82
117
165
138
177
135
117
30
5
8
175
74
163
81
253
233
171
186
83
238
248
194
63
76
18
144
235
37
197
116
204
157
84
125
41
84
245
84
159
28
69
206
48
154
96
82
138
90
136
183
149
27
238
240
79
193
0
100
122
233
49
163
239
169
117
79
218
29
125
168
133
77
96
51
26
51
189
180
227
2
44
63
149
165
57
88
211
44
28
157
124
11
72
74
169
75
254
155
230
199
157
230
233
18
170
72
168
213
118
231
176
129
235
235
188
243
46
205
52
139
196
22
221
2
183
114
92
74
117
165
250
53
129
163
138
6
46
167
106
163
80
45
79
131
126
82
126
232
203
59
77
2
49
212
144
224
188
136
49
64
45
2
112
120
225
28
43
53
72
234
30
230
12
142
90
166
126
21
27
247
100
111
177
196
100
230
125
56
45
231
45
244
90
175
60
111
172
33
89
112
25
188
178
152
157
255
146
139
63
65
14
239
156
248
40
148
25
223
19
76
202
91
207
211
79
114
197
19
234
104
50
129
152
142
47
226
229
46
149
226
77
177
227
175
242
17
40
84
82
81
22
227
89
216
198
245
173
212
117
166
107
30
132
242
227
64
143
221
57
79
168
238
114
206
124
195
175
93
10
151
209
181
97
169
185
150
64
105
175
102
172
202
152
162
129
192
228
94
65
70
74
219
120
254
63
55
122
112
205
155
192
100
86
169
54
243
247
47
88
91
139
61
118
172
135
107
164
50
40
38
144
147
243
22
10
42
224
175
47
200
85
52
64
50
91
159
204
194
117
143
244
135
230
71
207
174
66
30
12
140
44
5
230
229
158
65
236
147
161
225
3
243
53
33
77
198
87
46
179
112
212
82
253
163
92
241
39
126
42
37
50
119
233
195
9
56
99
229
251
88
237
124
194
7
205
2
73
129
158
203
168
156
159
92
105
169
94
120
225
196
54
130
192
168
219
200
86
123
91
160
106
22
43
174
123
73
23
64
196
113
221
17
59
51
175
20
15
139
17
59
185
173
72
164
51
128
182
152
77
163
61
160
43
197
166
51
200
83
12
148
25
7
11
207
194
57
10
125
151
215
199
23
58
107
2
216
135
168
137
102
69
185
53
203
91
101
97
79
167
53
5
0
71
221
7
55
115
228
194
245
125
136
218
141
127
154
44
46
183
235
171
221
57
53
177
249
90
172
249
107
61
248
2
153
5
183
209
252
151
177
212
125
137
115
76
192
142
242
3
136
184
219
108
18
207
81
169
58
21
1
126
112
151
195
107
110
112
109
24
39
243
173
124
219
138
71
111
187
175
9
33
152
186
19
153
183
51
144
104
127
206
128
59
220
115
33
165
57
77
219
74
138
41
42
219
211
99
197
22
111
105
48
28
8
164
93
103
225
248
133
232
74
149
226
7
103
48
73
84
68
213
70
178
240
222
198
84
141
152
117
141
43
145
2
102
163
105
130
125
56
103
49
254
18
252
250
193
125
76
168
145
244
180
227
108
26
117
0
118
39
114
252
65
155
147
161
216
40
92
32
6
239
85
236
191
150
51
235
112
109
87
198
246
52
76
54
175
230
47
85
79
139
39
239
188
127
25
10
54
186
54
186
156
70
23
144
235
195
86
127
220
215
96
17
57
84
154
236
218
249
11
135
215
98
201
155
239
65
30
156
12
134
137
102
191
172
134
226
11
176
75
15
66
52
1
144
68
199
86
184
116
90
66
85
160
104
208
151
175
24
68
114
162
103
199
88
51
110
37
251
104
108
248
27
109
102
8
149
209