128
0
0
0
160
243
193
255
50
89
174
173
102
84
61
181
110
75
187
243
39
241
116
9
228
67
242
39
163
102
88
82
165
142
222
117
135
115
150
128
3
179
239
3
137
121
68
173
126
82
110
240
67
61
111
198
151
9
165
195
160
152
182
112
116
61
86
222
101
158
180
145
192
238
218
96
246
203
126
137
174
0
189
238
32
100
149
196
100
124
97
180
10
247
169
212
143
202
54
115
60
167
203
40
178
186
20
92
147
43
6
168
35
193
143
31
213
199
4
50
157
93
137
220
194
127
11
213
55
103
226
62
254
125
148
152
220
133
11
226
229
180
137
110
106
161
103
143
39
116
34
72
194
215
132
187
242
222
96
49
163
0
225
133
119
158
5
2
170
127
163
123
189
111
51
234
90
234
248
195
157
72
39
176
193
161
71
188
204
156
86
249
41
126
240
101
191
54
5
72
56
154
75
90
74
91
42
182
148
59
220
180
73
75
80
102
120
105
49
11
238
57
116
125
14
29
237
168
175
79
32
50
26
51
189
180
227
2
44
63
149
165
57
88
211
44
28
157
124
11
72
74
169
75
254
155
230
199
157
230
233
18
170
72
168
213
118
231
176
129
235
107
184
247
47
213
176
9
214
86
223
0
179
114
126
71
208
132
200
229
1
107
202
47
36
39
107
139
85
189
78
177
126
210
60
184
232
49
201
2
19
217
53
193
142
88
177
136
109
43
122
248
224
190
47
149
232
202
94
96
196
222
83
174
190
20
155
251
85
110
131
84
226
100
61
27
45
99
45
92
83
14
60
111
60
39
153
96
25
182
178
152
23
251
150
170
13
1
136
231
204
209
40
20
24
125
18
216
234
91
143
213
5
114
207
25
238
105
178
141
169
143
29
114
99
172
213
193
77
53
227
7
251
176
40
84
194
87
214
243
89
210
198
245
39
208
113
135
89
94
2
250
179
105
143
93
56
69
168
219
82
206
104
199
181
13
41
149
145
181
107
172
185
182
114
189
175
180
172
234
144
34
129
104
237
111
64
70
14
221
232
238
53
53
186
113
77
154
193
100
86
249
180
33
183
44
80
27
138
21
126
12
7
83
160
50
232
102
152
153
119
23
128
35
228
174
55
24
85
46
80
24
95
27
205
200
120
27
212
173
242
195
199
190
67
22
136
140
140
4
211
228
134
65
236
147
241
227
11
179
53
33
72
82
87
46
55
114
132
82
246
173
152
240
47
123
47
4
42
119
105
147
9
50
105
37
250
242
233
72
226
45
153
128
209
129
180
205
232
157
189
81
249
40
76
124
225
70
118
170
194
236
218
232
94
74
122
184
238
20
57
238
82
75
211
65
196
113
72
17
59
243
171
68
15
161
27
251
184
175
69
164
19
170
178
24
69
179
61
166
171
197
12
55
92
211
6
212
31
133
11
206
198
125
10
215
158
227
199
61
122
237
24
216
141
170
73
102
231
189
161
235
67
33
231
79
231
54
11
4
71
125
6
150
115
252
130
115
103
136
250
137
127
154
164
39
22
75
147
153
191
47
241
219
92
168
249
75
48
93
131
161
193
51
73
252
183
177
84
125
33
122
120
192
142
162
1
24
168
241
108
210
206
217
160
62
20
25
58
118
151
131
66
104
112
108
16
34
243
13
118
219
138
143
111
176
161
73
32
152
191
38
153
157
55
144
160
111
196
142
63
221
209
37
0
24
103
139
200
18
41
33
209
151
98
229
22
91
104
40
76
138
118
77
102
225
248
132
202
66
48
195
31
119
52
91
4
70
217
130
178
88
210
99
213
173
28
119
141
59
155
6
34
162
105
130
73
56
85
49
254
138
188
210
199
61
77
32
152
100
180
251
104
154
111
16
125
45
50
253
193
151
167
161
216
104
218
50
22
206
85
44
191
156
51
122
81
95
195
64
102
100
79
52
107
230
141
81
122
171
13
107
62
183
25
11
52
62
54
144
153
119
55
186
171
69
94
127
247
223
160
16
155
85
155
204
232
189
13
13
135
96
203
27
239
201
31
152
173
148
13
228
101
236
143
238
79
177
97
7
119
52
43
128
64
15
22
177
126
218
67
213
172
204
209
165
255
154
150
50
171
109
131
89
153
106
132
219
66
248
126
211
109
102
4
21
209
55
204
24
28
181
148
251
115
54
253
239
94
39
161
193
252
250
66
210
206
201
184
182
18
59
254
208
74
182
97
116
96
235
32
123
204
43
208
95
130
17
251
153
183
205
160
226
250
29
148
17
243
148
162
175
197
172
251
218
11
52
18
21
89
26
236
195
109
43
247
19
98
85
15
230
111
18
136
44
171
40
71
245
168
3
250
27
154
229
139
247
60
5
192
103
199
130
51
162
158
105
249
33
216
209
142
111
186
38
166
163
249
147
81
63
111
161
90
87
201
217
211
41
203
18
193
250
179
69
172
148
187
212
92
57
242
124
49
222
13
141
76
232
88
104
214
206
121
108
184
204
43
252
124
75
146
96
109
96
77
18
175
231
191
68
87
140
29
127
24
162
108
1
34
174
176
136
197
216
16
46
47
205
130
187
253
195
160
144
201
29
48
192
78
121
137
221
23
98
229
219
232
177
2
138
128
170
12
78
236
60
5
194
75
179
233
31
255
50
141
68
230
210
182
146
98
10
192
181
245
217
253
195
122
144
5
166
162
81
3
89
225
63
138
240
86
236
208
207
41
205
42
21
209
239
209
175
148
247
81
213
41
195
252
233
74
36
145
152
227
220
228
86
110
94
24
159
4
239
124
48
31
146
76
32
117
103
49
175
230
23
212
95
82
77
84
178
163
73
8
62
174
182
176
17
243
76
186
44
205
206
62
116
211
145
16
17
137
25
220
154
114
13
81
151
194
194
175
207
121
198
10
204
254
12
106
161
189
143
235
207
176
217
143
247
236
89
111
76
211
6
155
126
202
194
221
33
216
171
151
120
146
68
35
11
107
54
89
49
187
163
234
2
231
254
71
61
237
7
33
240
165
21
46
220
231
81
113
109
119
246
224
26
39
187
72
232
2
48
125
196
95
168
150
24
47
126
88
203
147
26
116
119
101
112
42
77
45
113
94
168
221
249
122
247
66
46
54
186
150
157
32
211
6
106
169
133
222
30
210
151
37
18
16
220
27
238
94
253
1
133
150
102
131
31
236
104
54
137
132
62
9
38
245
190
135
170
74
51
227
139
86
28
73
192
76
135
13
181
54
222
64
244
129
217
249
23
127
218
20
32
161
43
130
243
57
74
160
216
146
106
58
147
54
67
6
145
113
176
116
140
140
119
214
61
121
87
242
165
159
164
137
221
232
248
164
208
92
27
137
184
144
58
252
113
95
146
122
244
112
181
96
1
227
45
84
125
131
168
126
130
99
79
248
114
186
50
220
148
211
31
43
15
213
14
63
142
147
36
30
157
92
51
192
222
249
35
81
151
56
215
28
230
41
19
32
140
27
13
110
49
190
149
186
64
183
103
15
87
49
185
101
86
3
132
243
34
223
78
177
164
210
240
3
122
160
132
34
123
59
168
83
61
111