128
0
0
0
160
243
193
255
50
89
131
249
57
222
32
202
214
236
242
211
21
75
66
145
113
176
228
141
140
163
214
109
121
93
250
101
158
46
141
76
201
202
228
214
30
27
131
178
144
59
124
120
207
147
98
160
114
181
32
41
235
41
85
127
131
9
95
154
35
73
178
34
178
48
152
149
83
19
143
14
213
154
185
204
131
15
22
157
93
19
192
78
88
27
81
23
178
135
52
226
237
18
10
132
46
13
68
33
186
93
250
73
189
231
14
215
61
29
100
100
83
6
33
98
214
68
245
165
120
244
162
90
138
16
164
179
59
168
95
189
111
169
246
214
205
232
71
189
157
66
186
221
49
193
46
148
55
80
95
237
112
36
241
156
42
133
201
200
211
116
118
236
223
168
44
4
51
248
112
79
51
69
65
85
125
36
173
247
125
127
89
14
29
119
180
35
104
48
182
58
230
216
190
255
146
170
173
205
14
63
254
23
34
200
9
95
23
200
203
89
2
193
183
64
67
31
124
121
26
142
140
174
173
99
192
157
149
254
205
161
179
36
241
176
9
76
74
83
39
163
246
94
146
181
142
212
117
135
249
146
132
34
129
175
133
129
41
109
173
254
83
204
241
215
29
111
134
145
67
165
201
170
156
183
240
120
12
87
236
245
24
54
209
227
238
94
96
94
194
223
137
174
144
187
46
48
100
159
196
100
246
101
176
43
197
233
82
135
154
31
115
188
166
105
41
38
154
20
28
149
97
6
162
41
197
142
159
217
246
5
0
13
219
11
156
225
127
143
213
159
110
67
62
254
237
146
88
204
133
1
226
229
62
141
106
75
147
39
9
47
36
11
72
66
214
38
186
102
254
96
113
165
74
225
143
125
154
4
130
166
78
162
73
45
233
177
170
121
234
124
195
53
65
134
176
193
49
65
124
220
156
92
249
41
244
244
97
158
4
69
206
48
202
98
90
202
90
130
183
53
59
220
224
75
27
0
79
112
45
48
129
231
8
85
125
74
155
189
232
172
71
36
50
26
51
45
181
227
214
44
111
149
175
49
152
210
38
25
152
93
57
88
78
115
91
212
147
38
199
23
239
221
178
146
12
174
95
54
229
176
1
235
97
189
194
47
255
240
143
78
6
214
4
179
115
220
67
229
164
226
97
131
163
202
46
38
163
107
161
80
140
110
155
62
84
52
184
195
57
9
3
185
221
161
65
132
24
183
10
109
42
126
188
224
54
38
52
200
224
14
98
70
158
80
174
58
20
155
251
192
110
131
148
230
52
61
49
39
163
44
94
94
14
28
69
56
167
145
112
25
176
50
152
29
251
146
139
63
149
142
61
204
241
32
80
24
253
30
233
235
105
31
83
135
50
236
25
106
105
26
132
8
143
29
226
101
108
197
193
71
53
227
141
255
180
9
102
130
209
222
163
112
210
70
244
167
209
112
135
89
14
128
40
243
106
135
29
57
109
160
222
83
228
104
199
125
93
0
147
145
180
107
172
185
182
114
189
175
180
172
234
144
34
129
104
237
111
64
70
14
221
232
238
53
53
186
113
199
158
80
229
68
125
182
163
183
6
82
91
138
21
115
60
134
89
164
178
106
118
179
153
119
22
40
39
69
142
29
24
213
252
0
27
81
31
205
234
112
31
245
181
230
199
141
254
97
20
136
140
4
8
118
228
180
65
108
65
241
226
15
247
53
11
69
86
214
60
35
118
6
18
223
161
216
241
165
114
47
5
24
103
109
91
25
57
107
229
251
114
229
121
227
45
205
2
195
145
181
207
40
157
157
92
92
9
126
56
103
148
102
128
202
232
219
98
87
222
90
146
46
16
227
174
90
75
147
64
70
125
216
49
17
35
43
140
31
138
25
59
185
135
64
161
18
170
182
152
199
179
22
164
171
196
6
55
88
242
52
64
25
95
11
238
206
57
10
117
146
71
230
15
250
239
2
216
167
168
137
102
237
176
1
203
91
53
99
223
183
31
5
192
70
85
14
51
114
252
134
243
125
200
243
139
127
155
164
47
179
74
185
89
187
239
241
240
86
232
248
65
53
205
2
179
21
179
25
188
158
187
84
124
9
127
232
193
188
162
129
90
248
210
102
86
206
251
173
155
53
43
234
246
95
195
107
98
240
109
178
38
83
173
86
155
12
71
63
185
169
137
33
18
179
34
184
183
119
22
56
63
205
136
63
220
115
33
53
56
77
15
74
218
41
32
211
19
98
207
19
106
72
2
12
12
126
77
77
233
56
133
104
67
49
227
45
51
50
209
84
68
219
2
178
82
215
86
213
135
92
241
21
107
146
2
34
163
203
134
124
24
127
181
124
66
188
211
197
185
77
10
157
85
148
209
40
28
103
16
86
37
242
252
193
151
50
161
234
108
218
242
70
198
93
168
190
180
62
219
81
95
135
198
116
36
70
54
175
231
37
88
219
171
13
251
56
119
9
11
62
62
54
26
157
115
22
136
235
195
86
47
222
223
32
17
57
84
15
236
232
253
11
71
135
106
193
31
238
201
23
173
173
190
25
224
245
236
174
236
207
177
235
3
115
21
25
192
198
7
70
152
126
90
66
119
173
88
241
165
191
156
220
50
161
103
135
88
17
102
33
122
122
236
250
201
45
69
4
21
209
21
196
28
189
167
132
255
105
38
253
237
218
39
139
201
108
219
90
214
206
131
248
149
30
63
254
88
67
135
192
76
240
109
106
59
228
37
20
94
34
29
202
184
175
157
34
34
234
61
158
17
243
182
175
159
228
158
235
94
147
116
17
21
25
26
198
203
253
10
239
23
98
31
79
197
99
22
136
164
162
25
230
205
56
133
176
91
178
235
79
246
156
9
241
70
223
210
177
98
142
73
243
33
216
81
130
203
187
20
246
33
43
211
88
53
43
160
240
83
104
249
249
189
77
218
193
250
191
197
172
180
187
68
253
1
242
252
187
142
37
137
136
233
114
96
227
206
83
124
188
4
107
245
118
203
147
224
97
196
76
32
255
101
109
4
94
134
89
126
178
166
205
33
8
58
54
64
197
216
28
174
47
237
130
43
92
251
160
16
67
77
24
196
138
120
161
213
178
99
229
223
104
171
66
131
130
170
13
198
224
9
165
250
139
55
163
95
214
58
77
69
68
222
135
179
80
74
198
255
245
217
245
195
123
152
5
6
162
99
19
93
121
127
163
248
18
237
122
195
185
236
42
209
85
191
145
167
154
243
80
127
40
82
253
233
14
34
193
216
234
216
32
87
100
91
141
191
54
251
120
178
31
152
78
96
116
205
53
158
199
61
148
217
202
77
94
182
227
72
162
58
175
54
186
81
117
132
234
14
195
10
62
222
210
52
17
35
205
31
20
154
83
15
213
151
64
206
170
239
83
214
142
84
238
13
98
161
189
165
227
202
145
243
143
247
102
73
68
72
83
7
155
126
202
194
221
33
216
171
151
120
146
68
35
11
107
54
89
49
187
163
234
2
231
254
71
61
237
7
33
240
165
21
46
220
231
81
113
109
119
246
224
26
39
187
72
232
2
48
125
196
95
168